/*--------------------------------*- C++ -*----------------------------------*\
  =========                 |
  \\      /  F ield         | OpenFOAM: The Open Source CFD Toolbox
   \\    /   O peration     | Website:  https://openfoam.org
    \\  /    A nd           | Version:  13
     \\/     M anipulation  |
\*---------------------------------------------------------------------------*/
FoamFile
{
    format      ascii;
    class       vectorField;
    location    "constant/polyMesh";
    object      points;
}
// * * * * * * * * * * * * * * * * * * * * * * * * * * * * * * * * * * * * * //


6404
(
(0 0 0)
(0.00625 0 0)
(0.0125 0 0)
(0.01875 0 0)
(0.025 0 0)
(0.03125 0 0)
(0.0375 0 0)
(0.04375 0 0)
(0.05 0 0)
(0.05625 0 0)
(0.0625 0 0)
(0.06875 0 0)
(0.075 0 0)
(0.08125 0 0)
(0.0875 0 0)
(0.09375 0 0)
(0.1 0 0)
(0.10625 0 0)
(0.1125 0 0)
(0.11875 0 0)
(0.125 0 0)
(0.13125 0 0)
(0.1375 0 0)
(0.14375 0 0)
(0.15 0 0)
(0.15625 0 0)
(0.1625 0 0)
(0.16875 0 0)
(0.175 0 0)
(0.18125 0 0)
(0.1875 0 0)
(0.19375 0 0)
(0.2 0 0)
(0.20625 0 0)
(0.2125 0 0)
(0.21875 0 0)
(0.225 0 0)
(0.23125 0 0)
(0.2375 0 0)
(0.24375 0 0)
(0.25 0 0)
(0.25625 0 0)
(0.2625 0 0)
(0.26875 0 0)
(0.275 0 0)
(0.28125 0 0)
(0.2875 0 0)
(0.29375 0 0)
(0.3 0 0)
(0.30625 0 0)
(0.3125 0 0)
(0.31875 0 0)
(0.325 0 0)
(0.33125 0 0)
(0.3375 0 0)
(0.34375 0 0)
(0.35 0 0)
(0.35625 0 0)
(0.3625 0 0)
(0.36875 0 0)
(0.375 0 0)
(0.38125 0 0)
(0.3875 0 0)
(0.39375 0 0)
(0.4 0 0)
(0.40625 0 0)
(0.4125 0 0)
(0.41875 0 0)
(0.425 0 0)
(0.43125 0 0)
(0.4375 0 0)
(0.44375 0 0)
(0.45 0 0)
(0.45625 0 0)
(0.4625 0 0)
(0.46875 0 0)
(0.475 0 0)
(0.48125 0 0)
(0.4875 0 0)
(0.49375 0 0)
(0.5 0 0)
(0.50625 0 0)
(0.5125 0 0)
(0.51875 0 0)
(0.525 0 0)
(0.53125 0 0)
(0.5375 0 0)
(0.54375 0 0)
(0.55 0 0)
(0.55625 0 0)
(0.5625 0 0)
(0.56875 0 0)
(0.575 0 0)
(0.58125 0 0)
(0.5875 0 0)
(0.59375 0 0)
(0.6 0 0)
(0.60625 0 0)
(0.6125 0 0)
(0.61875 0 0)
(0.625 0 0)
(0.63125 0 0)
(0.6375 0 0)
(0.64375 0 0)
(0.65 0 0)
(0.65625 0 0)
(0.6625 0 0)
(0.66875 0 0)
(0.675 0 0)
(0.68125 0 0)
(0.6875 0 0)
(0.69375 0 0)
(0.7 0 0)
(0.70625 0 0)
(0.7125 0 0)
(0.71875 0 0)
(0.725 0 0)
(0.73125 0 0)
(0.7375 0 0)
(0.74375 0 0)
(0.75 0 0)
(0.75625 0 0)
(0.7625 0 0)
(0.76875 0 0)
(0.775 0 0)
(0.78125 0 0)
(0.7875 0 0)
(0.79375 0 0)
(0.8 0 0)
(0.80625 0 0)
(0.8125 0 0)
(0.81875 0 0)
(0.825 0 0)
(0.83125 0 0)
(0.8375 0 0)
(0.84375 0 0)
(0.85 0 0)
(0.85625 0 0)
(0.8625 0 0)
(0.86875 0 0)
(0.875 0 0)
(0.88125 0 0)
(0.8875 0 0)
(0.89375 0 0)
(0.9 0 0)
(0.90625 0 0)
(0.9125 0 0)
(0.91875 0 0)
(0.925 0 0)
(0.93125 0 0)
(0.9375 0 0)
(0.94375 0 0)
(0.95 0 0)
(0.95625 0 0)
(0.9625 0 0)
(0.96875 0 0)
(0.975 0 0)
(0.98125 0 0)
(0.9875 0 0)
(0.99375 0 0)
(1 0 0)
(1.00625 0 0)
(1.0125 0 0)
(1.01875 0 0)
(1.025 0 0)
(1.03125 0 0)
(1.0375 0 0)
(1.04375 0 0)
(1.05 0 0)
(1.05625 0 0)
(1.0625 0 0)
(1.06875 0 0)
(1.075 0 0)
(1.08125 0 0)
(1.0875 0 0)
(1.09375 0 0)
(1.1 0 0)
(1.10625 0 0)
(1.1125 0 0)
(1.11875 0 0)
(1.125 0 0)
(1.13125 0 0)
(1.1375 0 0)
(1.14375 0 0)
(1.15 0 0)
(1.15625 0 0)
(1.1625 0 0)
(1.16875 0 0)
(1.175 0 0)
(1.18125 0 0)
(1.1875 0 0)
(1.19375 0 0)
(1.2 0 0)
(1.20625 0 0)
(1.2125 0 0)
(1.21875 0 0)
(1.225 0 0)
(1.23125 0 0)
(1.2375 0 0)
(1.24375 0 0)
(1.25 0 0)
(1.25625 0 0)
(1.2625 0 0)
(1.26875 0 0)
(1.275 0 0)
(1.28125 0 0)
(1.2875 0 0)
(1.29375 0 0)
(1.3 0 0)
(1.30625 0 0)
(1.3125 0 0)
(1.31875 0 0)
(1.325 0 0)
(1.33125 0 0)
(1.3375 0 0)
(1.34375 0 0)
(1.35 0 0)
(1.35625 0 0)
(1.3625 0 0)
(1.36875 0 0)
(1.375 0 0)
(1.38125 0 0)
(1.3875 0 0)
(1.39375 0 0)
(1.4 0 0)
(1.40625 0 0)
(1.4125 0 0)
(1.41875 0 0)
(1.425 0 0)
(1.43125 0 0)
(1.4375 0 0)
(1.44375 0 0)
(1.45 0 0)
(1.45625 0 0)
(1.4625 0 0)
(1.46875 0 0)
(1.475 0 0)
(1.48125 0 0)
(1.4875 0 0)
(1.49375 0 0)
(1.5 0 0)
(1.50625 0 0)
(1.5125 0 0)
(1.51875 0 0)
(1.525 0 0)
(1.53125 0 0)
(1.5375 0 0)
(1.54375 0 0)
(1.55 0 0)
(1.55625 0 0)
(1.5625 0 0)
(1.56875 0 0)
(1.575 0 0)
(1.58125 0 0)
(1.5875 0 0)
(1.59375 0 0)
(1.6 0 0)
(1.60625 0 0)
(1.6125 0 0)
(1.61875 0 0)
(1.625 0 0)
(1.63125 0 0)
(1.6375 0 0)
(1.64375 0 0)
(1.65 0 0)
(1.65625 0 0)
(1.6625 0 0)
(1.66875 0 0)
(1.675 0 0)
(1.68125 0 0)
(1.6875 0 0)
(1.69375 0 0)
(1.7 0 0)
(1.70625 0 0)
(1.7125 0 0)
(1.71875 0 0)
(1.725 0 0)
(1.73125 0 0)
(1.7375 0 0)
(1.74375 0 0)
(1.75 0 0)
(1.75625 0 0)
(1.7625 0 0)
(1.76875 0 0)
(1.775 0 0)
(1.78125 0 0)
(1.7875 0 0)
(1.79375 0 0)
(1.8 0 0)
(1.80625 0 0)
(1.8125 0 0)
(1.81875 0 0)
(1.825 0 0)
(1.83125 0 0)
(1.8375 0 0)
(1.84375 0 0)
(1.85 0 0)
(1.85625 0 0)
(1.8625 0 0)
(1.86875 0 0)
(1.875 0 0)
(1.88125 0 0)
(1.8875 0 0)
(1.89375 0 0)
(1.9 0 0)
(1.90625 0 0)
(1.9125 0 0)
(1.91875 0 0)
(1.925 0 0)
(1.93125 0 0)
(1.9375 0 0)
(1.94375 0 0)
(1.95 0 0)
(1.95625 0 0)
(1.9625 0 0)
(1.96875 0 0)
(1.975 0 0)
(1.98125 0 0)
(1.9875 0 0)
(1.99375 0 0)
(2 0 0)
(2.00625 0 0)
(2.0125 0 0)
(2.01875 0 0)
(2.025 0 0)
(2.03125 0 0)
(2.0375 0 0)
(2.04375 0 0)
(2.05 0 0)
(2.05625 0 0)
(2.0625 0 0)
(2.06875 0 0)
(2.075 0 0)
(2.08125 0 0)
(2.0875 0 0)
(2.09375 0 0)
(2.1 0 0)
(2.10625 0 0)
(2.1125 0 0)
(2.11875 0 0)
(2.125 0 0)
(2.13125 0 0)
(2.1375 0 0)
(2.14375 0 0)
(2.15 0 0)
(2.15625 0 0)
(2.1625 0 0)
(2.16875 0 0)
(2.175 0 0)
(2.18125 0 0)
(2.1875 0 0)
(2.19375 0 0)
(2.2 0 0)
(2.20625 0 0)
(2.2125 0 0)
(2.21875 0 0)
(2.225 0 0)
(2.23125 0 0)
(2.2375 0 0)
(2.24375 0 0)
(2.25 0 0)
(2.25625 0 0)
(2.2625 0 0)
(2.26875 0 0)
(2.275 0 0)
(2.28125 0 0)
(2.2875 0 0)
(2.29375 0 0)
(2.3 0 0)
(2.30625 0 0)
(2.3125 0 0)
(2.31875 0 0)
(2.325 0 0)
(2.33125 0 0)
(2.3375 0 0)
(2.34375 0 0)
(2.35 0 0)
(2.35625 0 0)
(2.3625 0 0)
(2.36875 0 0)
(2.375 0 0)
(2.38125 0 0)
(2.3875 0 0)
(2.39375 0 0)
(2.4 0 0)
(2.40625 0 0)
(2.4125 0 0)
(2.41875 0 0)
(2.425 0 0)
(2.43125 0 0)
(2.4375 0 0)
(2.44375 0 0)
(2.45 0 0)
(2.45625 0 0)
(2.4625 0 0)
(2.46875 0 0)
(2.475 0 0)
(2.48125 0 0)
(2.4875 0 0)
(2.49375 0 0)
(2.5 0 0)
(2.50625 0 0)
(2.5125 0 0)
(2.51875 0 0)
(2.525 0 0)
(2.53125 0 0)
(2.5375 0 0)
(2.54375 0 0)
(2.55 0 0)
(2.55625 0 0)
(2.5625 0 0)
(2.56875 0 0)
(2.575 0 0)
(2.58125 0 0)
(2.5875 0 0)
(2.59375 0 0)
(2.6 0 0)
(2.60625 0 0)
(2.6125 0 0)
(2.61875 0 0)
(2.625 0 0)
(2.63125 0 0)
(2.6375 0 0)
(2.64375 0 0)
(2.65 0 0)
(2.65625 0 0)
(2.6625 0 0)
(2.66875 0 0)
(2.675 0 0)
(2.68125 0 0)
(2.6875 0 0)
(2.69375 0 0)
(2.7 0 0)
(2.70625 0 0)
(2.7125 0 0)
(2.71875 0 0)
(2.725 0 0)
(2.73125 0 0)
(2.7375 0 0)
(2.74375 0 0)
(2.75 0 0)
(2.75625 0 0)
(2.7625 0 0)
(2.76875 0 0)
(2.775 0 0)
(2.78125 0 0)
(2.7875 0 0)
(2.79375 0 0)
(2.8 0 0)
(2.80625 0 0)
(2.8125 0 0)
(2.81875 0 0)
(2.825 0 0)
(2.83125 0 0)
(2.8375 0 0)
(2.84375 0 0)
(2.85 0 0)
(2.85625 0 0)
(2.8625 0 0)
(2.86875 0 0)
(2.875 0 0)
(2.88125 0 0)
(2.8875 0 0)
(2.89375 0 0)
(2.9 0 0)
(2.90625 0 0)
(2.9125 0 0)
(2.91875 0 0)
(2.925 0 0)
(2.93125 0 0)
(2.9375 0 0)
(2.94375 0 0)
(2.95 0 0)
(2.95625 0 0)
(2.9625 0 0)
(2.96875 0 0)
(2.975 0 0)
(2.98125 0 0)
(2.9875 0 0)
(2.99375 0 0)
(3 0 0)
(3.00625 0 0)
(3.0125 0 0)
(3.01875 0 0)
(3.025 0 0)
(3.03125 0 0)
(3.0375 0 0)
(3.04375 0 0)
(3.05 0 0)
(3.05625 0 0)
(3.0625 0 0)
(3.06875 0 0)
(3.075 0 0)
(3.08125 0 0)
(3.0875 0 0)
(3.09375 0 0)
(3.1 0 0)
(3.10625 0 0)
(3.1125 0 0)
(3.11875 0 0)
(3.125 0 0)
(3.13125 0 0)
(3.1375 0 0)
(3.14375 0 0)
(3.15 0 0)
(3.15625 0 0)
(3.1625 0 0)
(3.16875 0 0)
(3.175 0 0)
(3.18125 0 0)
(3.1875 0 0)
(3.19375 0 0)
(3.2 0 0)
(3.20625 0 0)
(3.2125 0 0)
(3.21875 0 0)
(3.225 0 0)
(3.23125 0 0)
(3.2375 0 0)
(3.24375 0 0)
(3.25 0 0)
(3.25625 0 0)
(3.2625 0 0)
(3.26875 0 0)
(3.275 0 0)
(3.28125 0 0)
(3.2875 0 0)
(3.29375 0 0)
(3.3 0 0)
(3.30625 0 0)
(3.3125 0 0)
(3.31875 0 0)
(3.325 0 0)
(3.33125 0 0)
(3.3375 0 0)
(3.34375 0 0)
(3.35 0 0)
(3.35625 0 0)
(3.3625 0 0)
(3.36875 0 0)
(3.375 0 0)
(3.38125 0 0)
(3.3875 0 0)
(3.39375 0 0)
(3.4 0 0)
(3.40625 0 0)
(3.4125 0 0)
(3.41875 0 0)
(3.425 0 0)
(3.43125 0 0)
(3.4375 0 0)
(3.44375 0 0)
(3.45 0 0)
(3.45625 0 0)
(3.4625 0 0)
(3.46875 0 0)
(3.475 0 0)
(3.48125 0 0)
(3.4875 0 0)
(3.49375 0 0)
(3.5 0 0)
(3.50625 0 0)
(3.5125 0 0)
(3.51875 0 0)
(3.525 0 0)
(3.53125 0 0)
(3.5375 0 0)
(3.54375 0 0)
(3.55 0 0)
(3.55625 0 0)
(3.5625 0 0)
(3.56875 0 0)
(3.575 0 0)
(3.58125 0 0)
(3.5875 0 0)
(3.59375 0 0)
(3.6 0 0)
(3.60625 0 0)
(3.6125 0 0)
(3.61875 0 0)
(3.625 0 0)
(3.63125 0 0)
(3.6375 0 0)
(3.64375 0 0)
(3.65 0 0)
(3.65625 0 0)
(3.6625 0 0)
(3.66875 0 0)
(3.675 0 0)
(3.68125 0 0)
(3.6875 0 0)
(3.69375 0 0)
(3.7 0 0)
(3.70625 0 0)
(3.7125 0 0)
(3.71875 0 0)
(3.725 0 0)
(3.73125 0 0)
(3.7375 0 0)
(3.74375 0 0)
(3.75 0 0)
(3.75625 0 0)
(3.7625 0 0)
(3.76875 0 0)
(3.775 0 0)
(3.78125 0 0)
(3.7875 0 0)
(3.79375 0 0)
(3.8 0 0)
(3.80625 0 0)
(3.8125 0 0)
(3.81875 0 0)
(3.825 0 0)
(3.83125 0 0)
(3.8375 0 0)
(3.84375 0 0)
(3.85 0 0)
(3.85625 0 0)
(3.8625 0 0)
(3.86875 0 0)
(3.875 0 0)
(3.88125 0 0)
(3.8875 0 0)
(3.89375 0 0)
(3.9 0 0)
(3.90625 0 0)
(3.9125 0 0)
(3.91875 0 0)
(3.925 0 0)
(3.93125 0 0)
(3.9375 0 0)
(3.94375 0 0)
(3.95 0 0)
(3.95625 0 0)
(3.9625 0 0)
(3.96875 0 0)
(3.975 0 0)
(3.98125 0 0)
(3.9875 0 0)
(3.99375 0 0)
(4 0 0)
(4.00625 0 0)
(4.0125 0 0)
(4.01875 0 0)
(4.025 0 0)
(4.03125 0 0)
(4.0375 0 0)
(4.04375 0 0)
(4.05 0 0)
(4.05625 0 0)
(4.0625 0 0)
(4.06875 0 0)
(4.075 0 0)
(4.08125 0 0)
(4.0875 0 0)
(4.09375 0 0)
(4.1 0 0)
(4.10625 0 0)
(4.1125 0 0)
(4.11875 0 0)
(4.125 0 0)
(4.13125 0 0)
(4.1375 0 0)
(4.14375 0 0)
(4.15 0 0)
(4.15625 0 0)
(4.1625 0 0)
(4.16875 0 0)
(4.175 0 0)
(4.18125 0 0)
(4.1875 0 0)
(4.19375 0 0)
(4.2 0 0)
(4.20625 0 0)
(4.2125 0 0)
(4.21875 0 0)
(4.225 0 0)
(4.23125 0 0)
(4.2375 0 0)
(4.24375 0 0)
(4.25 0 0)
(4.25625 0 0)
(4.2625 0 0)
(4.26875 0 0)
(4.275 0 0)
(4.28125 0 0)
(4.2875 0 0)
(4.29375 0 0)
(4.3 0 0)
(4.30625 0 0)
(4.3125 0 0)
(4.31875 0 0)
(4.325 0 0)
(4.33125 0 0)
(4.3375 0 0)
(4.34375 0 0)
(4.35 0 0)
(4.35625 0 0)
(4.3625 0 0)
(4.36875 0 0)
(4.375 0 0)
(4.38125 0 0)
(4.3875 0 0)
(4.39375 0 0)
(4.4 0 0)
(4.40625 0 0)
(4.4125 0 0)
(4.41875 0 0)
(4.425 0 0)
(4.43125 0 0)
(4.4375 0 0)
(4.44375 0 0)
(4.45 0 0)
(4.45625 0 0)
(4.4625 0 0)
(4.46875 0 0)
(4.475 0 0)
(4.48125 0 0)
(4.4875 0 0)
(4.49375 0 0)
(4.5 0 0)
(4.50625 0 0)
(4.5125 0 0)
(4.51875 0 0)
(4.525 0 0)
(4.53125 0 0)
(4.5375 0 0)
(4.54375 0 0)
(4.55 0 0)
(4.55625 0 0)
(4.5625 0 0)
(4.56875 0 0)
(4.575 0 0)
(4.58125 0 0)
(4.5875 0 0)
(4.59375 0 0)
(4.6 0 0)
(4.60625 0 0)
(4.6125 0 0)
(4.61875 0 0)
(4.625 0 0)
(4.63125 0 0)
(4.6375 0 0)
(4.64375 0 0)
(4.65 0 0)
(4.65625 0 0)
(4.6625 0 0)
(4.66875 0 0)
(4.675 0 0)
(4.68125 0 0)
(4.6875 0 0)
(4.69375 0 0)
(4.7 0 0)
(4.70625 0 0)
(4.7125 0 0)
(4.71875 0 0)
(4.725 0 0)
(4.73125 0 0)
(4.7375 0 0)
(4.74375 0 0)
(4.75 0 0)
(4.75625 0 0)
(4.7625 0 0)
(4.76875 0 0)
(4.775 0 0)
(4.78125 0 0)
(4.7875 0 0)
(4.79375 0 0)
(4.8 0 0)
(4.80625 0 0)
(4.8125 0 0)
(4.81875 0 0)
(4.825 0 0)
(4.83125 0 0)
(4.8375 0 0)
(4.84375 0 0)
(4.85 0 0)
(4.85625 0 0)
(4.8625 0 0)
(4.86875 0 0)
(4.875 0 0)
(4.88125 0 0)
(4.8875 0 0)
(4.89375 0 0)
(4.9 0 0)
(4.90625 0 0)
(4.9125 0 0)
(4.91875 0 0)
(4.925 0 0)
(4.93125 0 0)
(4.9375 0 0)
(4.94375 0 0)
(4.95 0 0)
(4.95625 0 0)
(4.9625 0 0)
(4.96875 0 0)
(4.975 0 0)
(4.98125 0 0)
(4.9875 0 0)
(4.99375 0 0)
(5 0 0)
(5.00625 0 0)
(5.0125 0 0)
(5.01875 0 0)
(5.025 0 0)
(5.03125 0 0)
(5.0375 0 0)
(5.04375 0 0)
(5.05 0 0)
(5.05625 0 0)
(5.0625 0 0)
(5.06875 0 0)
(5.075 0 0)
(5.08125 0 0)
(5.0875 0 0)
(5.09375 0 0)
(5.1 0 0)
(5.10625 0 0)
(5.1125 0 0)
(5.11875 0 0)
(5.125 0 0)
(5.13125 0 0)
(5.1375 0 0)
(5.14375 0 0)
(5.15 0 0)
(5.15625 0 0)
(5.1625 0 0)
(5.16875 0 0)
(5.175 0 0)
(5.18125 0 0)
(5.1875 0 0)
(5.19375 0 0)
(5.2 0 0)
(5.20625 0 0)
(5.2125 0 0)
(5.21875 0 0)
(5.225 0 0)
(5.23125 0 0)
(5.2375 0 0)
(5.24375 0 0)
(5.25 0 0)
(5.25625 0 0)
(5.2625 0 0)
(5.26875 0 0)
(5.275 0 0)
(5.28125 0 0)
(5.2875 0 0)
(5.29375 0 0)
(5.3 0 0)
(5.30625 0 0)
(5.3125 0 0)
(5.31875 0 0)
(5.325 0 0)
(5.33125 0 0)
(5.3375 0 0)
(5.34375 0 0)
(5.35 0 0)
(5.35625 0 0)
(5.3625 0 0)
(5.36875 0 0)
(5.375 0 0)
(5.38125 0 0)
(5.3875 0 0)
(5.39375 0 0)
(5.4 0 0)
(5.40625 0 0)
(5.4125 0 0)
(5.41875 0 0)
(5.425 0 0)
(5.43125 0 0)
(5.4375 0 0)
(5.44375 0 0)
(5.45 0 0)
(5.45625 0 0)
(5.4625 0 0)
(5.46875 0 0)
(5.475 0 0)
(5.48125 0 0)
(5.4875 0 0)
(5.49375 0 0)
(5.5 0 0)
(5.50625 0 0)
(5.5125 0 0)
(5.51875 0 0)
(5.525 0 0)
(5.53125 0 0)
(5.5375 0 0)
(5.54375 0 0)
(5.55 0 0)
(5.55625 0 0)
(5.5625 0 0)
(5.56875 0 0)
(5.575 0 0)
(5.58125 0 0)
(5.5875 0 0)
(5.59375 0 0)
(5.6 0 0)
(5.60625 0 0)
(5.6125 0 0)
(5.61875 0 0)
(5.625 0 0)
(5.63125 0 0)
(5.6375 0 0)
(5.64375 0 0)
(5.65 0 0)
(5.65625 0 0)
(5.6625 0 0)
(5.66875 0 0)
(5.675 0 0)
(5.68125 0 0)
(5.6875 0 0)
(5.69375 0 0)
(5.7 0 0)
(5.70625 0 0)
(5.7125 0 0)
(5.71875 0 0)
(5.725 0 0)
(5.73125 0 0)
(5.7375 0 0)
(5.74375 0 0)
(5.75 0 0)
(5.75625 0 0)
(5.7625 0 0)
(5.76875 0 0)
(5.775 0 0)
(5.78125 0 0)
(5.7875 0 0)
(5.79375 0 0)
(5.8 0 0)
(5.80625 0 0)
(5.8125 0 0)
(5.81875 0 0)
(5.825 0 0)
(5.83125 0 0)
(5.8375 0 0)
(5.84375 0 0)
(5.85 0 0)
(5.85625 0 0)
(5.8625 0 0)
(5.86875 0 0)
(5.875 0 0)
(5.88125 0 0)
(5.8875 0 0)
(5.89375 0 0)
(5.9 0 0)
(5.90625 0 0)
(5.9125 0 0)
(5.91875 0 0)
(5.925 0 0)
(5.93125 0 0)
(5.9375 0 0)
(5.94375 0 0)
(5.95 0 0)
(5.95625 0 0)
(5.9625 0 0)
(5.96875 0 0)
(5.975 0 0)
(5.98125 0 0)
(5.9875 0 0)
(5.99375 0 0)
(6 0 0)
(6.00625 0 0)
(6.0125 0 0)
(6.01875 0 0)
(6.025 0 0)
(6.03125 0 0)
(6.0375 0 0)
(6.04375 0 0)
(6.05 0 0)
(6.05625 0 0)
(6.0625 0 0)
(6.06875 0 0)
(6.075 0 0)
(6.08125 0 0)
(6.0875 0 0)
(6.09375 0 0)
(6.1 0 0)
(6.10625 0 0)
(6.1125 0 0)
(6.11875 0 0)
(6.125 0 0)
(6.13125 0 0)
(6.1375 0 0)
(6.14375 0 0)
(6.15 0 0)
(6.15625 0 0)
(6.1625 0 0)
(6.16875 0 0)
(6.175 0 0)
(6.18125 0 0)
(6.1875 0 0)
(6.19375 0 0)
(6.2 0 0)
(6.20625 0 0)
(6.2125 0 0)
(6.21875 0 0)
(6.225 0 0)
(6.23125 0 0)
(6.2375 0 0)
(6.24375 0 0)
(6.25 0 0)
(6.25625 0 0)
(6.2625 0 0)
(6.26875 0 0)
(6.275 0 0)
(6.28125 0 0)
(6.2875 0 0)
(6.29375 0 0)
(6.3 0 0)
(6.30625 0 0)
(6.3125 0 0)
(6.31875 0 0)
(6.325 0 0)
(6.33125 0 0)
(6.3375 0 0)
(6.34375 0 0)
(6.35 0 0)
(6.35625 0 0)
(6.3625 0 0)
(6.36875 0 0)
(6.375 0 0)
(6.38125 0 0)
(6.3875 0 0)
(6.39375 0 0)
(6.4 0 0)
(6.40625 0 0)
(6.4125 0 0)
(6.41875 0 0)
(6.425 0 0)
(6.43125 0 0)
(6.4375 0 0)
(6.44375 0 0)
(6.45 0 0)
(6.45625 0 0)
(6.4625 0 0)
(6.46875 0 0)
(6.475 0 0)
(6.48125 0 0)
(6.4875 0 0)
(6.49375 0 0)
(6.5 0 0)
(6.50625 0 0)
(6.5125 0 0)
(6.51875 0 0)
(6.525 0 0)
(6.53125 0 0)
(6.5375 0 0)
(6.54375 0 0)
(6.55 0 0)
(6.55625 0 0)
(6.5625 0 0)
(6.56875 0 0)
(6.575 0 0)
(6.58125 0 0)
(6.5875 0 0)
(6.59375 0 0)
(6.6 0 0)
(6.60625 0 0)
(6.6125 0 0)
(6.61875 0 0)
(6.625 0 0)
(6.63125 0 0)
(6.6375 0 0)
(6.64375 0 0)
(6.65 0 0)
(6.65625 0 0)
(6.6625 0 0)
(6.66875 0 0)
(6.675 0 0)
(6.68125 0 0)
(6.6875 0 0)
(6.69375 0 0)
(6.7 0 0)
(6.70625 0 0)
(6.7125 0 0)
(6.71875 0 0)
(6.725 0 0)
(6.73125 0 0)
(6.7375 0 0)
(6.74375 0 0)
(6.75 0 0)
(6.75625 0 0)
(6.7625 0 0)
(6.76875 0 0)
(6.775 0 0)
(6.78125 0 0)
(6.7875 0 0)
(6.79375 0 0)
(6.8 0 0)
(6.80625 0 0)
(6.8125 0 0)
(6.81875 0 0)
(6.825 0 0)
(6.83125 0 0)
(6.8375 0 0)
(6.84375 0 0)
(6.85 0 0)
(6.85625 0 0)
(6.8625 0 0)
(6.86875 0 0)
(6.875 0 0)
(6.88125 0 0)
(6.8875 0 0)
(6.89375 0 0)
(6.9 0 0)
(6.90625 0 0)
(6.9125 0 0)
(6.91875 0 0)
(6.925 0 0)
(6.93125 0 0)
(6.9375 0 0)
(6.94375 0 0)
(6.95 0 0)
(6.95625 0 0)
(6.9625 0 0)
(6.96875 0 0)
(6.975 0 0)
(6.98125 0 0)
(6.9875 0 0)
(6.99375 0 0)
(7 0 0)
(7.00625 0 0)
(7.0125 0 0)
(7.01875 0 0)
(7.025 0 0)
(7.03125 0 0)
(7.0375 0 0)
(7.04375 0 0)
(7.05 0 0)
(7.05625 0 0)
(7.0625 0 0)
(7.06875 0 0)
(7.075 0 0)
(7.08125 0 0)
(7.0875 0 0)
(7.09375 0 0)
(7.1 0 0)
(7.10625 0 0)
(7.1125 0 0)
(7.11875 0 0)
(7.125 0 0)
(7.13125 0 0)
(7.1375 0 0)
(7.14375 0 0)
(7.15 0 0)
(7.15625 0 0)
(7.1625 0 0)
(7.16875 0 0)
(7.175 0 0)
(7.18125 0 0)
(7.1875 0 0)
(7.19375 0 0)
(7.2 0 0)
(7.20625 0 0)
(7.2125 0 0)
(7.21875 0 0)
(7.225 0 0)
(7.23125 0 0)
(7.2375 0 0)
(7.24375 0 0)
(7.25 0 0)
(7.25625 0 0)
(7.2625 0 0)
(7.26875 0 0)
(7.275 0 0)
(7.28125 0 0)
(7.2875 0 0)
(7.29375 0 0)
(7.3 0 0)
(7.30625 0 0)
(7.3125 0 0)
(7.31875 0 0)
(7.325 0 0)
(7.33125 0 0)
(7.3375 0 0)
(7.34375 0 0)
(7.35 0 0)
(7.35625 0 0)
(7.3625 0 0)
(7.36875 0 0)
(7.375 0 0)
(7.38125 0 0)
(7.3875 0 0)
(7.39375 0 0)
(7.4 0 0)
(7.40625 0 0)
(7.4125 0 0)
(7.41875 0 0)
(7.425 0 0)
(7.43125 0 0)
(7.4375 0 0)
(7.44375 0 0)
(7.45 0 0)
(7.45625 0 0)
(7.4625 0 0)
(7.46875 0 0)
(7.475 0 0)
(7.48125 0 0)
(7.4875 0 0)
(7.49375 0 0)
(7.5 0 0)
(7.50625 0 0)
(7.5125 0 0)
(7.51875 0 0)
(7.525 0 0)
(7.53125 0 0)
(7.5375 0 0)
(7.54375 0 0)
(7.55 0 0)
(7.55625 0 0)
(7.5625 0 0)
(7.56875 0 0)
(7.575 0 0)
(7.58125 0 0)
(7.5875 0 0)
(7.59375 0 0)
(7.6 0 0)
(7.60625 0 0)
(7.6125 0 0)
(7.61875 0 0)
(7.625 0 0)
(7.63125 0 0)
(7.6375 0 0)
(7.64375 0 0)
(7.65 0 0)
(7.65625 0 0)
(7.6625 0 0)
(7.66875 0 0)
(7.675 0 0)
(7.68125 0 0)
(7.6875 0 0)
(7.69375 0 0)
(7.7 0 0)
(7.70625 0 0)
(7.7125 0 0)
(7.71875 0 0)
(7.725 0 0)
(7.73125 0 0)
(7.7375 0 0)
(7.74375 0 0)
(7.75 0 0)
(7.75625 0 0)
(7.7625 0 0)
(7.76875 0 0)
(7.775 0 0)
(7.78125 0 0)
(7.7875 0 0)
(7.79375 0 0)
(7.8 0 0)
(7.80625 0 0)
(7.8125 0 0)
(7.81875 0 0)
(7.825 0 0)
(7.83125 0 0)
(7.8375 0 0)
(7.84375 0 0)
(7.85 0 0)
(7.85625 0 0)
(7.8625 0 0)
(7.86875 0 0)
(7.875 0 0)
(7.88125 0 0)
(7.8875 0 0)
(7.89375 0 0)
(7.9 0 0)
(7.90625 0 0)
(7.9125 0 0)
(7.91875 0 0)
(7.925 0 0)
(7.93125 0 0)
(7.9375 0 0)
(7.94375 0 0)
(7.95 0 0)
(7.95625 0 0)
(7.9625 0 0)
(7.96875 0 0)
(7.975 0 0)
(7.98125 0 0)
(7.9875 0 0)
(7.99375 0 0)
(8 0 0)
(8.00625 0 0)
(8.0125 0 0)
(8.01875 0 0)
(8.025 0 0)
(8.03125 0 0)
(8.0375 0 0)
(8.04375 0 0)
(8.05 0 0)
(8.05625 0 0)
(8.0625 0 0)
(8.06875 0 0)
(8.075 0 0)
(8.08125 0 0)
(8.0875 0 0)
(8.09375 0 0)
(8.1 0 0)
(8.10625 0 0)
(8.1125 0 0)
(8.11875 0 0)
(8.125 0 0)
(8.13125 0 0)
(8.1375 0 0)
(8.14375 0 0)
(8.15 0 0)
(8.15625 0 0)
(8.1625 0 0)
(8.16875 0 0)
(8.175 0 0)
(8.18125 0 0)
(8.1875 0 0)
(8.19375 0 0)
(8.2 0 0)
(8.20625 0 0)
(8.2125 0 0)
(8.21875 0 0)
(8.225 0 0)
(8.23125 0 0)
(8.2375 0 0)
(8.24375 0 0)
(8.25 0 0)
(8.25625 0 0)
(8.2625 0 0)
(8.26875 0 0)
(8.275 0 0)
(8.28125 0 0)
(8.2875 0 0)
(8.29375 0 0)
(8.3 0 0)
(8.30625 0 0)
(8.3125 0 0)
(8.31875 0 0)
(8.325 0 0)
(8.33125 0 0)
(8.3375 0 0)
(8.34375 0 0)
(8.35 0 0)
(8.35625 0 0)
(8.3625 0 0)
(8.36875 0 0)
(8.375 0 0)
(8.38125 0 0)
(8.3875 0 0)
(8.39375 0 0)
(8.4 0 0)
(8.40625 0 0)
(8.4125 0 0)
(8.41875 0 0)
(8.425 0 0)
(8.43125 0 0)
(8.4375 0 0)
(8.44375 0 0)
(8.45 0 0)
(8.45625 0 0)
(8.4625 0 0)
(8.46875 0 0)
(8.475 0 0)
(8.48125 0 0)
(8.4875 0 0)
(8.49375 0 0)
(8.5 0 0)
(8.50625 0 0)
(8.5125 0 0)
(8.51875 0 0)
(8.525 0 0)
(8.53125 0 0)
(8.5375 0 0)
(8.54375 0 0)
(8.55 0 0)
(8.55625 0 0)
(8.5625 0 0)
(8.56875 0 0)
(8.575 0 0)
(8.58125 0 0)
(8.5875 0 0)
(8.59375 0 0)
(8.6 0 0)
(8.60625 0 0)
(8.6125 0 0)
(8.61875 0 0)
(8.625 0 0)
(8.63125 0 0)
(8.6375 0 0)
(8.64375 0 0)
(8.65 0 0)
(8.65625 0 0)
(8.6625 0 0)
(8.66875 0 0)
(8.675 0 0)
(8.68125 0 0)
(8.6875 0 0)
(8.69375 0 0)
(8.7 0 0)
(8.70625 0 0)
(8.7125 0 0)
(8.71875 0 0)
(8.725 0 0)
(8.73125 0 0)
(8.7375 0 0)
(8.74375 0 0)
(8.75 0 0)
(8.75625 0 0)
(8.7625 0 0)
(8.76875 0 0)
(8.775 0 0)
(8.78125 0 0)
(8.7875 0 0)
(8.79375 0 0)
(8.8 0 0)
(8.80625 0 0)
(8.8125 0 0)
(8.81875 0 0)
(8.825 0 0)
(8.83125 0 0)
(8.8375 0 0)
(8.84375 0 0)
(8.85 0 0)
(8.85625 0 0)
(8.8625 0 0)
(8.86875 0 0)
(8.875 0 0)
(8.88125 0 0)
(8.8875 0 0)
(8.89375 0 0)
(8.9 0 0)
(8.90625 0 0)
(8.9125 0 0)
(8.91875 0 0)
(8.925 0 0)
(8.93125 0 0)
(8.9375 0 0)
(8.94375 0 0)
(8.95 0 0)
(8.95625 0 0)
(8.9625 0 0)
(8.96875 0 0)
(8.975 0 0)
(8.98125 0 0)
(8.9875 0 0)
(8.99375 0 0)
(9 0 0)
(9.00625 0 0)
(9.0125 0 0)
(9.01875 0 0)
(9.025 0 0)
(9.03125 0 0)
(9.0375 0 0)
(9.04375 0 0)
(9.05 0 0)
(9.05625 0 0)
(9.0625 0 0)
(9.06875 0 0)
(9.075 0 0)
(9.08125 0 0)
(9.0875 0 0)
(9.09375 0 0)
(9.1 0 0)
(9.10625 0 0)
(9.1125 0 0)
(9.11875 0 0)
(9.125 0 0)
(9.13125 0 0)
(9.1375 0 0)
(9.14375 0 0)
(9.15 0 0)
(9.15625 0 0)
(9.1625 0 0)
(9.16875 0 0)
(9.175 0 0)
(9.18125 0 0)
(9.1875 0 0)
(9.19375 0 0)
(9.2 0 0)
(9.20625 0 0)
(9.2125 0 0)
(9.21875 0 0)
(9.225 0 0)
(9.23125 0 0)
(9.2375 0 0)
(9.24375 0 0)
(9.25 0 0)
(9.25625 0 0)
(9.2625 0 0)
(9.26875 0 0)
(9.275 0 0)
(9.28125 0 0)
(9.2875 0 0)
(9.29375 0 0)
(9.3 0 0)
(9.30625 0 0)
(9.3125 0 0)
(9.31875 0 0)
(9.325 0 0)
(9.33125 0 0)
(9.3375 0 0)
(9.34375 0 0)
(9.35 0 0)
(9.35625 0 0)
(9.3625 0 0)
(9.36875 0 0)
(9.375 0 0)
(9.38125 0 0)
(9.3875 0 0)
(9.39375 0 0)
(9.4 0 0)
(9.40625 0 0)
(9.4125 0 0)
(9.41875 0 0)
(9.425 0 0)
(9.43125 0 0)
(9.4375 0 0)
(9.44375 0 0)
(9.45 0 0)
(9.45625 0 0)
(9.4625 0 0)
(9.46875 0 0)
(9.475 0 0)
(9.48125 0 0)
(9.4875 0 0)
(9.49375 0 0)
(9.5 0 0)
(9.50625 0 0)
(9.5125 0 0)
(9.51875 0 0)
(9.525 0 0)
(9.53125 0 0)
(9.5375 0 0)
(9.54375 0 0)
(9.55 0 0)
(9.55625 0 0)
(9.5625 0 0)
(9.56875 0 0)
(9.575 0 0)
(9.58125 0 0)
(9.5875 0 0)
(9.59375 0 0)
(9.6 0 0)
(9.60625 0 0)
(9.6125 0 0)
(9.61875 0 0)
(9.625 0 0)
(9.63125 0 0)
(9.6375 0 0)
(9.64375 0 0)
(9.65 0 0)
(9.65625 0 0)
(9.6625 0 0)
(9.66875 0 0)
(9.675 0 0)
(9.68125 0 0)
(9.6875 0 0)
(9.69375 0 0)
(9.7 0 0)
(9.70625 0 0)
(9.7125 0 0)
(9.71875 0 0)
(9.725 0 0)
(9.73125 0 0)
(9.7375 0 0)
(9.74375 0 0)
(9.75 0 0)
(9.75625 0 0)
(9.7625 0 0)
(9.76875 0 0)
(9.775 0 0)
(9.78125 0 0)
(9.7875 0 0)
(9.79375 0 0)
(9.8 0 0)
(9.80625 0 0)
(9.8125 0 0)
(9.81875 0 0)
(9.825 0 0)
(9.83125 0 0)
(9.8375 0 0)
(9.84375 0 0)
(9.85 0 0)
(9.85625 0 0)
(9.8625 0 0)
(9.86875 0 0)
(9.875 0 0)
(9.88125 0 0)
(9.8875 0 0)
(9.89375 0 0)
(9.9 0 0)
(9.90625 0 0)
(9.9125 0 0)
(9.91875 0 0)
(9.925 0 0)
(9.93125 0 0)
(9.9375 0 0)
(9.94375 0 0)
(9.95 0 0)
(9.95625 0 0)
(9.9625 0 0)
(9.96875 0 0)
(9.975 0 0)
(9.98125 0 0)
(9.9875 0 0)
(9.99375 0 0)
(10 0 0)
(0 1 0)
(0.00625 1 0)
(0.0125 1 0)
(0.01875 1 0)
(0.025 1 0)
(0.03125 1 0)
(0.0375 1 0)
(0.04375 1 0)
(0.05 1 0)
(0.05625 1 0)
(0.0625 1 0)
(0.06875 1 0)
(0.075 1 0)
(0.08125 1 0)
(0.0875 1 0)
(0.09375 1 0)
(0.1 1 0)
(0.10625 1 0)
(0.1125 1 0)
(0.11875 1 0)
(0.125 1 0)
(0.13125 1 0)
(0.1375 1 0)
(0.14375 1 0)
(0.15 1 0)
(0.15625 1 0)
(0.1625 1 0)
(0.16875 1 0)
(0.175 1 0)
(0.18125 1 0)
(0.1875 1 0)
(0.19375 1 0)
(0.2 1 0)
(0.20625 1 0)
(0.2125 1 0)
(0.21875 1 0)
(0.225 1 0)
(0.23125 1 0)
(0.2375 1 0)
(0.24375 1 0)
(0.25 1 0)
(0.25625 1 0)
(0.2625 1 0)
(0.26875 1 0)
(0.275 1 0)
(0.28125 1 0)
(0.2875 1 0)
(0.29375 1 0)
(0.3 1 0)
(0.30625 1 0)
(0.3125 1 0)
(0.31875 1 0)
(0.325 1 0)
(0.33125 1 0)
(0.3375 1 0)
(0.34375 1 0)
(0.35 1 0)
(0.35625 1 0)
(0.3625 1 0)
(0.36875 1 0)
(0.375 1 0)
(0.38125 1 0)
(0.3875 1 0)
(0.39375 1 0)
(0.4 1 0)
(0.40625 1 0)
(0.4125 1 0)
(0.41875 1 0)
(0.425 1 0)
(0.43125 1 0)
(0.4375 1 0)
(0.44375 1 0)
(0.45 1 0)
(0.45625 1 0)
(0.4625 1 0)
(0.46875 1 0)
(0.475 1 0)
(0.48125 1 0)
(0.4875 1 0)
(0.49375 1 0)
(0.5 1 0)
(0.50625 1 0)
(0.5125 1 0)
(0.51875 1 0)
(0.525 1 0)
(0.53125 1 0)
(0.5375 1 0)
(0.54375 1 0)
(0.55 1 0)
(0.55625 1 0)
(0.5625 1 0)
(0.56875 1 0)
(0.575 1 0)
(0.58125 1 0)
(0.5875 1 0)
(0.59375 1 0)
(0.6 1 0)
(0.60625 1 0)
(0.6125 1 0)
(0.61875 1 0)
(0.625 1 0)
(0.63125 1 0)
(0.6375 1 0)
(0.64375 1 0)
(0.65 1 0)
(0.65625 1 0)
(0.6625 1 0)
(0.66875 1 0)
(0.675 1 0)
(0.68125 1 0)
(0.6875 1 0)
(0.69375 1 0)
(0.7 1 0)
(0.70625 1 0)
(0.7125 1 0)
(0.71875 1 0)
(0.725 1 0)
(0.73125 1 0)
(0.7375 1 0)
(0.74375 1 0)
(0.75 1 0)
(0.75625 1 0)
(0.7625 1 0)
(0.76875 1 0)
(0.775 1 0)
(0.78125 1 0)
(0.7875 1 0)
(0.79375 1 0)
(0.8 1 0)
(0.80625 1 0)
(0.8125 1 0)
(0.81875 1 0)
(0.825 1 0)
(0.83125 1 0)
(0.8375 1 0)
(0.84375 1 0)
(0.85 1 0)
(0.85625 1 0)
(0.8625 1 0)
(0.86875 1 0)
(0.875 1 0)
(0.88125 1 0)
(0.8875 1 0)
(0.89375 1 0)
(0.9 1 0)
(0.90625 1 0)
(0.9125 1 0)
(0.91875 1 0)
(0.925 1 0)
(0.93125 1 0)
(0.9375 1 0)
(0.94375 1 0)
(0.95 1 0)
(0.95625 1 0)
(0.9625 1 0)
(0.96875 1 0)
(0.975 1 0)
(0.98125 1 0)
(0.9875 1 0)
(0.99375 1 0)
(1 1 0)
(1.00625 1 0)
(1.0125 1 0)
(1.01875 1 0)
(1.025 1 0)
(1.03125 1 0)
(1.0375 1 0)
(1.04375 1 0)
(1.05 1 0)
(1.05625 1 0)
(1.0625 1 0)
(1.06875 1 0)
(1.075 1 0)
(1.08125 1 0)
(1.0875 1 0)
(1.09375 1 0)
(1.1 1 0)
(1.10625 1 0)
(1.1125 1 0)
(1.11875 1 0)
(1.125 1 0)
(1.13125 1 0)
(1.1375 1 0)
(1.14375 1 0)
(1.15 1 0)
(1.15625 1 0)
(1.1625 1 0)
(1.16875 1 0)
(1.175 1 0)
(1.18125 1 0)
(1.1875 1 0)
(1.19375 1 0)
(1.2 1 0)
(1.20625 1 0)
(1.2125 1 0)
(1.21875 1 0)
(1.225 1 0)
(1.23125 1 0)
(1.2375 1 0)
(1.24375 1 0)
(1.25 1 0)
(1.25625 1 0)
(1.2625 1 0)
(1.26875 1 0)
(1.275 1 0)
(1.28125 1 0)
(1.2875 1 0)
(1.29375 1 0)
(1.3 1 0)
(1.30625 1 0)
(1.3125 1 0)
(1.31875 1 0)
(1.325 1 0)
(1.33125 1 0)
(1.3375 1 0)
(1.34375 1 0)
(1.35 1 0)
(1.35625 1 0)
(1.3625 1 0)
(1.36875 1 0)
(1.375 1 0)
(1.38125 1 0)
(1.3875 1 0)
(1.39375 1 0)
(1.4 1 0)
(1.40625 1 0)
(1.4125 1 0)
(1.41875 1 0)
(1.425 1 0)
(1.43125 1 0)
(1.4375 1 0)
(1.44375 1 0)
(1.45 1 0)
(1.45625 1 0)
(1.4625 1 0)
(1.46875 1 0)
(1.475 1 0)
(1.48125 1 0)
(1.4875 1 0)
(1.49375 1 0)
(1.5 1 0)
(1.50625 1 0)
(1.5125 1 0)
(1.51875 1 0)
(1.525 1 0)
(1.53125 1 0)
(1.5375 1 0)
(1.54375 1 0)
(1.55 1 0)
(1.55625 1 0)
(1.5625 1 0)
(1.56875 1 0)
(1.575 1 0)
(1.58125 1 0)
(1.5875 1 0)
(1.59375 1 0)
(1.6 1 0)
(1.60625 1 0)
(1.6125 1 0)
(1.61875 1 0)
(1.625 1 0)
(1.63125 1 0)
(1.6375 1 0)
(1.64375 1 0)
(1.65 1 0)
(1.65625 1 0)
(1.6625 1 0)
(1.66875 1 0)
(1.675 1 0)
(1.68125 1 0)
(1.6875 1 0)
(1.69375 1 0)
(1.7 1 0)
(1.70625 1 0)
(1.7125 1 0)
(1.71875 1 0)
(1.725 1 0)
(1.73125 1 0)
(1.7375 1 0)
(1.74375 1 0)
(1.75 1 0)
(1.75625 1 0)
(1.7625 1 0)
(1.76875 1 0)
(1.775 1 0)
(1.78125 1 0)
(1.7875 1 0)
(1.79375 1 0)
(1.8 1 0)
(1.80625 1 0)
(1.8125 1 0)
(1.81875 1 0)
(1.825 1 0)
(1.83125 1 0)
(1.8375 1 0)
(1.84375 1 0)
(1.85 1 0)
(1.85625 1 0)
(1.8625 1 0)
(1.86875 1 0)
(1.875 1 0)
(1.88125 1 0)
(1.8875 1 0)
(1.89375 1 0)
(1.9 1 0)
(1.90625 1 0)
(1.9125 1 0)
(1.91875 1 0)
(1.925 1 0)
(1.93125 1 0)
(1.9375 1 0)
(1.94375 1 0)
(1.95 1 0)
(1.95625 1 0)
(1.9625 1 0)
(1.96875 1 0)
(1.975 1 0)
(1.98125 1 0)
(1.9875 1 0)
(1.99375 1 0)
(2 1 0)
(2.00625 1 0)
(2.0125 1 0)
(2.01875 1 0)
(2.025 1 0)
(2.03125 1 0)
(2.0375 1 0)
(2.04375 1 0)
(2.05 1 0)
(2.05625 1 0)
(2.0625 1 0)
(2.06875 1 0)
(2.075 1 0)
(2.08125 1 0)
(2.0875 1 0)
(2.09375 1 0)
(2.1 1 0)
(2.10625 1 0)
(2.1125 1 0)
(2.11875 1 0)
(2.125 1 0)
(2.13125 1 0)
(2.1375 1 0)
(2.14375 1 0)
(2.15 1 0)
(2.15625 1 0)
(2.1625 1 0)
(2.16875 1 0)
(2.175 1 0)
(2.18125 1 0)
(2.1875 1 0)
(2.19375 1 0)
(2.2 1 0)
(2.20625 1 0)
(2.2125 1 0)
(2.21875 1 0)
(2.225 1 0)
(2.23125 1 0)
(2.2375 1 0)
(2.24375 1 0)
(2.25 1 0)
(2.25625 1 0)
(2.2625 1 0)
(2.26875 1 0)
(2.275 1 0)
(2.28125 1 0)
(2.2875 1 0)
(2.29375 1 0)
(2.3 1 0)
(2.30625 1 0)
(2.3125 1 0)
(2.31875 1 0)
(2.325 1 0)
(2.33125 1 0)
(2.3375 1 0)
(2.34375 1 0)
(2.35 1 0)
(2.35625 1 0)
(2.3625 1 0)
(2.36875 1 0)
(2.375 1 0)
(2.38125 1 0)
(2.3875 1 0)
(2.39375 1 0)
(2.4 1 0)
(2.40625 1 0)
(2.4125 1 0)
(2.41875 1 0)
(2.425 1 0)
(2.43125 1 0)
(2.4375 1 0)
(2.44375 1 0)
(2.45 1 0)
(2.45625 1 0)
(2.4625 1 0)
(2.46875 1 0)
(2.475 1 0)
(2.48125 1 0)
(2.4875 1 0)
(2.49375 1 0)
(2.5 1 0)
(2.50625 1 0)
(2.5125 1 0)
(2.51875 1 0)
(2.525 1 0)
(2.53125 1 0)
(2.5375 1 0)
(2.54375 1 0)
(2.55 1 0)
(2.55625 1 0)
(2.5625 1 0)
(2.56875 1 0)
(2.575 1 0)
(2.58125 1 0)
(2.5875 1 0)
(2.59375 1 0)
(2.6 1 0)
(2.60625 1 0)
(2.6125 1 0)
(2.61875 1 0)
(2.625 1 0)
(2.63125 1 0)
(2.6375 1 0)
(2.64375 1 0)
(2.65 1 0)
(2.65625 1 0)
(2.6625 1 0)
(2.66875 1 0)
(2.675 1 0)
(2.68125 1 0)
(2.6875 1 0)
(2.69375 1 0)
(2.7 1 0)
(2.70625 1 0)
(2.7125 1 0)
(2.71875 1 0)
(2.725 1 0)
(2.73125 1 0)
(2.7375 1 0)
(2.74375 1 0)
(2.75 1 0)
(2.75625 1 0)
(2.7625 1 0)
(2.76875 1 0)
(2.775 1 0)
(2.78125 1 0)
(2.7875 1 0)
(2.79375 1 0)
(2.8 1 0)
(2.80625 1 0)
(2.8125 1 0)
(2.81875 1 0)
(2.825 1 0)
(2.83125 1 0)
(2.8375 1 0)
(2.84375 1 0)
(2.85 1 0)
(2.85625 1 0)
(2.8625 1 0)
(2.86875 1 0)
(2.875 1 0)
(2.88125 1 0)
(2.8875 1 0)
(2.89375 1 0)
(2.9 1 0)
(2.90625 1 0)
(2.9125 1 0)
(2.91875 1 0)
(2.925 1 0)
(2.93125 1 0)
(2.9375 1 0)
(2.94375 1 0)
(2.95 1 0)
(2.95625 1 0)
(2.9625 1 0)
(2.96875 1 0)
(2.975 1 0)
(2.98125 1 0)
(2.9875 1 0)
(2.99375 1 0)
(3 1 0)
(3.00625 1 0)
(3.0125 1 0)
(3.01875 1 0)
(3.025 1 0)
(3.03125 1 0)
(3.0375 1 0)
(3.04375 1 0)
(3.05 1 0)
(3.05625 1 0)
(3.0625 1 0)
(3.06875 1 0)
(3.075 1 0)
(3.08125 1 0)
(3.0875 1 0)
(3.09375 1 0)
(3.1 1 0)
(3.10625 1 0)
(3.1125 1 0)
(3.11875 1 0)
(3.125 1 0)
(3.13125 1 0)
(3.1375 1 0)
(3.14375 1 0)
(3.15 1 0)
(3.15625 1 0)
(3.1625 1 0)
(3.16875 1 0)
(3.175 1 0)
(3.18125 1 0)
(3.1875 1 0)
(3.19375 1 0)
(3.2 1 0)
(3.20625 1 0)
(3.2125 1 0)
(3.21875 1 0)
(3.225 1 0)
(3.23125 1 0)
(3.2375 1 0)
(3.24375 1 0)
(3.25 1 0)
(3.25625 1 0)
(3.2625 1 0)
(3.26875 1 0)
(3.275 1 0)
(3.28125 1 0)
(3.2875 1 0)
(3.29375 1 0)
(3.3 1 0)
(3.30625 1 0)
(3.3125 1 0)
(3.31875 1 0)
(3.325 1 0)
(3.33125 1 0)
(3.3375 1 0)
(3.34375 1 0)
(3.35 1 0)
(3.35625 1 0)
(3.3625 1 0)
(3.36875 1 0)
(3.375 1 0)
(3.38125 1 0)
(3.3875 1 0)
(3.39375 1 0)
(3.4 1 0)
(3.40625 1 0)
(3.4125 1 0)
(3.41875 1 0)
(3.425 1 0)
(3.43125 1 0)
(3.4375 1 0)
(3.44375 1 0)
(3.45 1 0)
(3.45625 1 0)
(3.4625 1 0)
(3.46875 1 0)
(3.475 1 0)
(3.48125 1 0)
(3.4875 1 0)
(3.49375 1 0)
(3.5 1 0)
(3.50625 1 0)
(3.5125 1 0)
(3.51875 1 0)
(3.525 1 0)
(3.53125 1 0)
(3.5375 1 0)
(3.54375 1 0)
(3.55 1 0)
(3.55625 1 0)
(3.5625 1 0)
(3.56875 1 0)
(3.575 1 0)
(3.58125 1 0)
(3.5875 1 0)
(3.59375 1 0)
(3.6 1 0)
(3.60625 1 0)
(3.6125 1 0)
(3.61875 1 0)
(3.625 1 0)
(3.63125 1 0)
(3.6375 1 0)
(3.64375 1 0)
(3.65 1 0)
(3.65625 1 0)
(3.6625 1 0)
(3.66875 1 0)
(3.675 1 0)
(3.68125 1 0)
(3.6875 1 0)
(3.69375 1 0)
(3.7 1 0)
(3.70625 1 0)
(3.7125 1 0)
(3.71875 1 0)
(3.725 1 0)
(3.73125 1 0)
(3.7375 1 0)
(3.74375 1 0)
(3.75 1 0)
(3.75625 1 0)
(3.7625 1 0)
(3.76875 1 0)
(3.775 1 0)
(3.78125 1 0)
(3.7875 1 0)
(3.79375 1 0)
(3.8 1 0)
(3.80625 1 0)
(3.8125 1 0)
(3.81875 1 0)
(3.825 1 0)
(3.83125 1 0)
(3.8375 1 0)
(3.84375 1 0)
(3.85 1 0)
(3.85625 1 0)
(3.8625 1 0)
(3.86875 1 0)
(3.875 1 0)
(3.88125 1 0)
(3.8875 1 0)
(3.89375 1 0)
(3.9 1 0)
(3.90625 1 0)
(3.9125 1 0)
(3.91875 1 0)
(3.925 1 0)
(3.93125 1 0)
(3.9375 1 0)
(3.94375 1 0)
(3.95 1 0)
(3.95625 1 0)
(3.9625 1 0)
(3.96875 1 0)
(3.975 1 0)
(3.98125 1 0)
(3.9875 1 0)
(3.99375 1 0)
(4 1 0)
(4.00625 1 0)
(4.0125 1 0)
(4.01875 1 0)
(4.025 1 0)
(4.03125 1 0)
(4.0375 1 0)
(4.04375 1 0)
(4.05 1 0)
(4.05625 1 0)
(4.0625 1 0)
(4.06875 1 0)
(4.075 1 0)
(4.08125 1 0)
(4.0875 1 0)
(4.09375 1 0)
(4.1 1 0)
(4.10625 1 0)
(4.1125 1 0)
(4.11875 1 0)
(4.125 1 0)
(4.13125 1 0)
(4.1375 1 0)
(4.14375 1 0)
(4.15 1 0)
(4.15625 1 0)
(4.1625 1 0)
(4.16875 1 0)
(4.175 1 0)
(4.18125 1 0)
(4.1875 1 0)
(4.19375 1 0)
(4.2 1 0)
(4.20625 1 0)
(4.2125 1 0)
(4.21875 1 0)
(4.225 1 0)
(4.23125 1 0)
(4.2375 1 0)
(4.24375 1 0)
(4.25 1 0)
(4.25625 1 0)
(4.2625 1 0)
(4.26875 1 0)
(4.275 1 0)
(4.28125 1 0)
(4.2875 1 0)
(4.29375 1 0)
(4.3 1 0)
(4.30625 1 0)
(4.3125 1 0)
(4.31875 1 0)
(4.325 1 0)
(4.33125 1 0)
(4.3375 1 0)
(4.34375 1 0)
(4.35 1 0)
(4.35625 1 0)
(4.3625 1 0)
(4.36875 1 0)
(4.375 1 0)
(4.38125 1 0)
(4.3875 1 0)
(4.39375 1 0)
(4.4 1 0)
(4.40625 1 0)
(4.4125 1 0)
(4.41875 1 0)
(4.425 1 0)
(4.43125 1 0)
(4.4375 1 0)
(4.44375 1 0)
(4.45 1 0)
(4.45625 1 0)
(4.4625 1 0)
(4.46875 1 0)
(4.475 1 0)
(4.48125 1 0)
(4.4875 1 0)
(4.49375 1 0)
(4.5 1 0)
(4.50625 1 0)
(4.5125 1 0)
(4.51875 1 0)
(4.525 1 0)
(4.53125 1 0)
(4.5375 1 0)
(4.54375 1 0)
(4.55 1 0)
(4.55625 1 0)
(4.5625 1 0)
(4.56875 1 0)
(4.575 1 0)
(4.58125 1 0)
(4.5875 1 0)
(4.59375 1 0)
(4.6 1 0)
(4.60625 1 0)
(4.6125 1 0)
(4.61875 1 0)
(4.625 1 0)
(4.63125 1 0)
(4.6375 1 0)
(4.64375 1 0)
(4.65 1 0)
(4.65625 1 0)
(4.6625 1 0)
(4.66875 1 0)
(4.675 1 0)
(4.68125 1 0)
(4.6875 1 0)
(4.69375 1 0)
(4.7 1 0)
(4.70625 1 0)
(4.7125 1 0)
(4.71875 1 0)
(4.725 1 0)
(4.73125 1 0)
(4.7375 1 0)
(4.74375 1 0)
(4.75 1 0)
(4.75625 1 0)
(4.7625 1 0)
(4.76875 1 0)
(4.775 1 0)
(4.78125 1 0)
(4.7875 1 0)
(4.79375 1 0)
(4.8 1 0)
(4.80625 1 0)
(4.8125 1 0)
(4.81875 1 0)
(4.825 1 0)
(4.83125 1 0)
(4.8375 1 0)
(4.84375 1 0)
(4.85 1 0)
(4.85625 1 0)
(4.8625 1 0)
(4.86875 1 0)
(4.875 1 0)
(4.88125 1 0)
(4.8875 1 0)
(4.89375 1 0)
(4.9 1 0)
(4.90625 1 0)
(4.9125 1 0)
(4.91875 1 0)
(4.925 1 0)
(4.93125 1 0)
(4.9375 1 0)
(4.94375 1 0)
(4.95 1 0)
(4.95625 1 0)
(4.9625 1 0)
(4.96875 1 0)
(4.975 1 0)
(4.98125 1 0)
(4.9875 1 0)
(4.99375 1 0)
(5 1 0)
(5.00625 1 0)
(5.0125 1 0)
(5.01875 1 0)
(5.025 1 0)
(5.03125 1 0)
(5.0375 1 0)
(5.04375 1 0)
(5.05 1 0)
(5.05625 1 0)
(5.0625 1 0)
(5.06875 1 0)
(5.075 1 0)
(5.08125 1 0)
(5.0875 1 0)
(5.09375 1 0)
(5.1 1 0)
(5.10625 1 0)
(5.1125 1 0)
(5.11875 1 0)
(5.125 1 0)
(5.13125 1 0)
(5.1375 1 0)
(5.14375 1 0)
(5.15 1 0)
(5.15625 1 0)
(5.1625 1 0)
(5.16875 1 0)
(5.175 1 0)
(5.18125 1 0)
(5.1875 1 0)
(5.19375 1 0)
(5.2 1 0)
(5.20625 1 0)
(5.2125 1 0)
(5.21875 1 0)
(5.225 1 0)
(5.23125 1 0)
(5.2375 1 0)
(5.24375 1 0)
(5.25 1 0)
(5.25625 1 0)
(5.2625 1 0)
(5.26875 1 0)
(5.275 1 0)
(5.28125 1 0)
(5.2875 1 0)
(5.29375 1 0)
(5.3 1 0)
(5.30625 1 0)
(5.3125 1 0)
(5.31875 1 0)
(5.325 1 0)
(5.33125 1 0)
(5.3375 1 0)
(5.34375 1 0)
(5.35 1 0)
(5.35625 1 0)
(5.3625 1 0)
(5.36875 1 0)
(5.375 1 0)
(5.38125 1 0)
(5.3875 1 0)
(5.39375 1 0)
(5.4 1 0)
(5.40625 1 0)
(5.4125 1 0)
(5.41875 1 0)
(5.425 1 0)
(5.43125 1 0)
(5.4375 1 0)
(5.44375 1 0)
(5.45 1 0)
(5.45625 1 0)
(5.4625 1 0)
(5.46875 1 0)
(5.475 1 0)
(5.48125 1 0)
(5.4875 1 0)
(5.49375 1 0)
(5.5 1 0)
(5.50625 1 0)
(5.5125 1 0)
(5.51875 1 0)
(5.525 1 0)
(5.53125 1 0)
(5.5375 1 0)
(5.54375 1 0)
(5.55 1 0)
(5.55625 1 0)
(5.5625 1 0)
(5.56875 1 0)
(5.575 1 0)
(5.58125 1 0)
(5.5875 1 0)
(5.59375 1 0)
(5.6 1 0)
(5.60625 1 0)
(5.6125 1 0)
(5.61875 1 0)
(5.625 1 0)
(5.63125 1 0)
(5.6375 1 0)
(5.64375 1 0)
(5.65 1 0)
(5.65625 1 0)
(5.6625 1 0)
(5.66875 1 0)
(5.675 1 0)
(5.68125 1 0)
(5.6875 1 0)
(5.69375 1 0)
(5.7 1 0)
(5.70625 1 0)
(5.7125 1 0)
(5.71875 1 0)
(5.725 1 0)
(5.73125 1 0)
(5.7375 1 0)
(5.74375 1 0)
(5.75 1 0)
(5.75625 1 0)
(5.7625 1 0)
(5.76875 1 0)
(5.775 1 0)
(5.78125 1 0)
(5.7875 1 0)
(5.79375 1 0)
(5.8 1 0)
(5.80625 1 0)
(5.8125 1 0)
(5.81875 1 0)
(5.825 1 0)
(5.83125 1 0)
(5.8375 1 0)
(5.84375 1 0)
(5.85 1 0)
(5.85625 1 0)
(5.8625 1 0)
(5.86875 1 0)
(5.875 1 0)
(5.88125 1 0)
(5.8875 1 0)
(5.89375 1 0)
(5.9 1 0)
(5.90625 1 0)
(5.9125 1 0)
(5.91875 1 0)
(5.925 1 0)
(5.93125 1 0)
(5.9375 1 0)
(5.94375 1 0)
(5.95 1 0)
(5.95625 1 0)
(5.9625 1 0)
(5.96875 1 0)
(5.975 1 0)
(5.98125 1 0)
(5.9875 1 0)
(5.99375 1 0)
(6 1 0)
(6.00625 1 0)
(6.0125 1 0)
(6.01875 1 0)
(6.025 1 0)
(6.03125 1 0)
(6.0375 1 0)
(6.04375 1 0)
(6.05 1 0)
(6.05625 1 0)
(6.0625 1 0)
(6.06875 1 0)
(6.075 1 0)
(6.08125 1 0)
(6.0875 1 0)
(6.09375 1 0)
(6.1 1 0)
(6.10625 1 0)
(6.1125 1 0)
(6.11875 1 0)
(6.125 1 0)
(6.13125 1 0)
(6.1375 1 0)
(6.14375 1 0)
(6.15 1 0)
(6.15625 1 0)
(6.1625 1 0)
(6.16875 1 0)
(6.175 1 0)
(6.18125 1 0)
(6.1875 1 0)
(6.19375 1 0)
(6.2 1 0)
(6.20625 1 0)
(6.2125 1 0)
(6.21875 1 0)
(6.225 1 0)
(6.23125 1 0)
(6.2375 1 0)
(6.24375 1 0)
(6.25 1 0)
(6.25625 1 0)
(6.2625 1 0)
(6.26875 1 0)
(6.275 1 0)
(6.28125 1 0)
(6.2875 1 0)
(6.29375 1 0)
(6.3 1 0)
(6.30625 1 0)
(6.3125 1 0)
(6.31875 1 0)
(6.325 1 0)
(6.33125 1 0)
(6.3375 1 0)
(6.34375 1 0)
(6.35 1 0)
(6.35625 1 0)
(6.3625 1 0)
(6.36875 1 0)
(6.375 1 0)
(6.38125 1 0)
(6.3875 1 0)
(6.39375 1 0)
(6.4 1 0)
(6.40625 1 0)
(6.4125 1 0)
(6.41875 1 0)
(6.425 1 0)
(6.43125 1 0)
(6.4375 1 0)
(6.44375 1 0)
(6.45 1 0)
(6.45625 1 0)
(6.4625 1 0)
(6.46875 1 0)
(6.475 1 0)
(6.48125 1 0)
(6.4875 1 0)
(6.49375 1 0)
(6.5 1 0)
(6.50625 1 0)
(6.5125 1 0)
(6.51875 1 0)
(6.525 1 0)
(6.53125 1 0)
(6.5375 1 0)
(6.54375 1 0)
(6.55 1 0)
(6.55625 1 0)
(6.5625 1 0)
(6.56875 1 0)
(6.575 1 0)
(6.58125 1 0)
(6.5875 1 0)
(6.59375 1 0)
(6.6 1 0)
(6.60625 1 0)
(6.6125 1 0)
(6.61875 1 0)
(6.625 1 0)
(6.63125 1 0)
(6.6375 1 0)
(6.64375 1 0)
(6.65 1 0)
(6.65625 1 0)
(6.6625 1 0)
(6.66875 1 0)
(6.675 1 0)
(6.68125 1 0)
(6.6875 1 0)
(6.69375 1 0)
(6.7 1 0)
(6.70625 1 0)
(6.7125 1 0)
(6.71875 1 0)
(6.725 1 0)
(6.73125 1 0)
(6.7375 1 0)
(6.74375 1 0)
(6.75 1 0)
(6.75625 1 0)
(6.7625 1 0)
(6.76875 1 0)
(6.775 1 0)
(6.78125 1 0)
(6.7875 1 0)
(6.79375 1 0)
(6.8 1 0)
(6.80625 1 0)
(6.8125 1 0)
(6.81875 1 0)
(6.825 1 0)
(6.83125 1 0)
(6.8375 1 0)
(6.84375 1 0)
(6.85 1 0)
(6.85625 1 0)
(6.8625 1 0)
(6.86875 1 0)
(6.875 1 0)
(6.88125 1 0)
(6.8875 1 0)
(6.89375 1 0)
(6.9 1 0)
(6.90625 1 0)
(6.9125 1 0)
(6.91875 1 0)
(6.925 1 0)
(6.93125 1 0)
(6.9375 1 0)
(6.94375 1 0)
(6.95 1 0)
(6.95625 1 0)
(6.9625 1 0)
(6.96875 1 0)
(6.975 1 0)
(6.98125 1 0)
(6.9875 1 0)
(6.99375 1 0)
(7 1 0)
(7.00625 1 0)
(7.0125 1 0)
(7.01875 1 0)
(7.025 1 0)
(7.03125 1 0)
(7.0375 1 0)
(7.04375 1 0)
(7.05 1 0)
(7.05625 1 0)
(7.0625 1 0)
(7.06875 1 0)
(7.075 1 0)
(7.08125 1 0)
(7.0875 1 0)
(7.09375 1 0)
(7.1 1 0)
(7.10625 1 0)
(7.1125 1 0)
(7.11875 1 0)
(7.125 1 0)
(7.13125 1 0)
(7.1375 1 0)
(7.14375 1 0)
(7.15 1 0)
(7.15625 1 0)
(7.1625 1 0)
(7.16875 1 0)
(7.175 1 0)
(7.18125 1 0)
(7.1875 1 0)
(7.19375 1 0)
(7.2 1 0)
(7.20625 1 0)
(7.2125 1 0)
(7.21875 1 0)
(7.225 1 0)
(7.23125 1 0)
(7.2375 1 0)
(7.24375 1 0)
(7.25 1 0)
(7.25625 1 0)
(7.2625 1 0)
(7.26875 1 0)
(7.275 1 0)
(7.28125 1 0)
(7.2875 1 0)
(7.29375 1 0)
(7.3 1 0)
(7.30625 1 0)
(7.3125 1 0)
(7.31875 1 0)
(7.325 1 0)
(7.33125 1 0)
(7.3375 1 0)
(7.34375 1 0)
(7.35 1 0)
(7.35625 1 0)
(7.3625 1 0)
(7.36875 1 0)
(7.375 1 0)
(7.38125 1 0)
(7.3875 1 0)
(7.39375 1 0)
(7.4 1 0)
(7.40625 1 0)
(7.4125 1 0)
(7.41875 1 0)
(7.425 1 0)
(7.43125 1 0)
(7.4375 1 0)
(7.44375 1 0)
(7.45 1 0)
(7.45625 1 0)
(7.4625 1 0)
(7.46875 1 0)
(7.475 1 0)
(7.48125 1 0)
(7.4875 1 0)
(7.49375 1 0)
(7.5 1 0)
(7.50625 1 0)
(7.5125 1 0)
(7.51875 1 0)
(7.525 1 0)
(7.53125 1 0)
(7.5375 1 0)
(7.54375 1 0)
(7.55 1 0)
(7.55625 1 0)
(7.5625 1 0)
(7.56875 1 0)
(7.575 1 0)
(7.58125 1 0)
(7.5875 1 0)
(7.59375 1 0)
(7.6 1 0)
(7.60625 1 0)
(7.6125 1 0)
(7.61875 1 0)
(7.625 1 0)
(7.63125 1 0)
(7.6375 1 0)
(7.64375 1 0)
(7.65 1 0)
(7.65625 1 0)
(7.6625 1 0)
(7.66875 1 0)
(7.675 1 0)
(7.68125 1 0)
(7.6875 1 0)
(7.69375 1 0)
(7.7 1 0)
(7.70625 1 0)
(7.7125 1 0)
(7.71875 1 0)
(7.725 1 0)
(7.73125 1 0)
(7.7375 1 0)
(7.74375 1 0)
(7.75 1 0)
(7.75625 1 0)
(7.7625 1 0)
(7.76875 1 0)
(7.775 1 0)
(7.78125 1 0)
(7.7875 1 0)
(7.79375 1 0)
(7.8 1 0)
(7.80625 1 0)
(7.8125 1 0)
(7.81875 1 0)
(7.825 1 0)
(7.83125 1 0)
(7.8375 1 0)
(7.84375 1 0)
(7.85 1 0)
(7.85625 1 0)
(7.8625 1 0)
(7.86875 1 0)
(7.875 1 0)
(7.88125 1 0)
(7.8875 1 0)
(7.89375 1 0)
(7.9 1 0)
(7.90625 1 0)
(7.9125 1 0)
(7.91875 1 0)
(7.925 1 0)
(7.93125 1 0)
(7.9375 1 0)
(7.94375 1 0)
(7.95 1 0)
(7.95625 1 0)
(7.9625 1 0)
(7.96875 1 0)
(7.975 1 0)
(7.98125 1 0)
(7.9875 1 0)
(7.99375 1 0)
(8 1 0)
(8.00625 1 0)
(8.0125 1 0)
(8.01875 1 0)
(8.025 1 0)
(8.03125 1 0)
(8.0375 1 0)
(8.04375 1 0)
(8.05 1 0)
(8.05625 1 0)
(8.0625 1 0)
(8.06875 1 0)
(8.075 1 0)
(8.08125 1 0)
(8.0875 1 0)
(8.09375 1 0)
(8.1 1 0)
(8.10625 1 0)
(8.1125 1 0)
(8.11875 1 0)
(8.125 1 0)
(8.13125 1 0)
(8.1375 1 0)
(8.14375 1 0)
(8.15 1 0)
(8.15625 1 0)
(8.1625 1 0)
(8.16875 1 0)
(8.175 1 0)
(8.18125 1 0)
(8.1875 1 0)
(8.19375 1 0)
(8.2 1 0)
(8.20625 1 0)
(8.2125 1 0)
(8.21875 1 0)
(8.225 1 0)
(8.23125 1 0)
(8.2375 1 0)
(8.24375 1 0)
(8.25 1 0)
(8.25625 1 0)
(8.2625 1 0)
(8.26875 1 0)
(8.275 1 0)
(8.28125 1 0)
(8.2875 1 0)
(8.29375 1 0)
(8.3 1 0)
(8.30625 1 0)
(8.3125 1 0)
(8.31875 1 0)
(8.325 1 0)
(8.33125 1 0)
(8.3375 1 0)
(8.34375 1 0)
(8.35 1 0)
(8.35625 1 0)
(8.3625 1 0)
(8.36875 1 0)
(8.375 1 0)
(8.38125 1 0)
(8.3875 1 0)
(8.39375 1 0)
(8.4 1 0)
(8.40625 1 0)
(8.4125 1 0)
(8.41875 1 0)
(8.425 1 0)
(8.43125 1 0)
(8.4375 1 0)
(8.44375 1 0)
(8.45 1 0)
(8.45625 1 0)
(8.4625 1 0)
(8.46875 1 0)
(8.475 1 0)
(8.48125 1 0)
(8.4875 1 0)
(8.49375 1 0)
(8.5 1 0)
(8.50625 1 0)
(8.5125 1 0)
(8.51875 1 0)
(8.525 1 0)
(8.53125 1 0)
(8.5375 1 0)
(8.54375 1 0)
(8.55 1 0)
(8.55625 1 0)
(8.5625 1 0)
(8.56875 1 0)
(8.575 1 0)
(8.58125 1 0)
(8.5875 1 0)
(8.59375 1 0)
(8.6 1 0)
(8.60625 1 0)
(8.6125 1 0)
(8.61875 1 0)
(8.625 1 0)
(8.63125 1 0)
(8.6375 1 0)
(8.64375 1 0)
(8.65 1 0)
(8.65625 1 0)
(8.6625 1 0)
(8.66875 1 0)
(8.675 1 0)
(8.68125 1 0)
(8.6875 1 0)
(8.69375 1 0)
(8.7 1 0)
(8.70625 1 0)
(8.7125 1 0)
(8.71875 1 0)
(8.725 1 0)
(8.73125 1 0)
(8.7375 1 0)
(8.74375 1 0)
(8.75 1 0)
(8.75625 1 0)
(8.7625 1 0)
(8.76875 1 0)
(8.775 1 0)
(8.78125 1 0)
(8.7875 1 0)
(8.79375 1 0)
(8.8 1 0)
(8.80625 1 0)
(8.8125 1 0)
(8.81875 1 0)
(8.825 1 0)
(8.83125 1 0)
(8.8375 1 0)
(8.84375 1 0)
(8.85 1 0)
(8.85625 1 0)
(8.8625 1 0)
(8.86875 1 0)
(8.875 1 0)
(8.88125 1 0)
(8.8875 1 0)
(8.89375 1 0)
(8.9 1 0)
(8.90625 1 0)
(8.9125 1 0)
(8.91875 1 0)
(8.925 1 0)
(8.93125 1 0)
(8.9375 1 0)
(8.94375 1 0)
(8.95 1 0)
(8.95625 1 0)
(8.9625 1 0)
(8.96875 1 0)
(8.975 1 0)
(8.98125 1 0)
(8.9875 1 0)
(8.99375 1 0)
(9 1 0)
(9.00625 1 0)
(9.0125 1 0)
(9.01875 1 0)
(9.025 1 0)
(9.03125 1 0)
(9.0375 1 0)
(9.04375 1 0)
(9.05 1 0)
(9.05625 1 0)
(9.0625 1 0)
(9.06875 1 0)
(9.075 1 0)
(9.08125 1 0)
(9.0875 1 0)
(9.09375 1 0)
(9.1 1 0)
(9.10625 1 0)
(9.1125 1 0)
(9.11875 1 0)
(9.125 1 0)
(9.13125 1 0)
(9.1375 1 0)
(9.14375 1 0)
(9.15 1 0)
(9.15625 1 0)
(9.1625 1 0)
(9.16875 1 0)
(9.175 1 0)
(9.18125 1 0)
(9.1875 1 0)
(9.19375 1 0)
(9.2 1 0)
(9.20625 1 0)
(9.2125 1 0)
(9.21875 1 0)
(9.225 1 0)
(9.23125 1 0)
(9.2375 1 0)
(9.24375 1 0)
(9.25 1 0)
(9.25625 1 0)
(9.2625 1 0)
(9.26875 1 0)
(9.275 1 0)
(9.28125 1 0)
(9.2875 1 0)
(9.29375 1 0)
(9.3 1 0)
(9.30625 1 0)
(9.3125 1 0)
(9.31875 1 0)
(9.325 1 0)
(9.33125 1 0)
(9.3375 1 0)
(9.34375 1 0)
(9.35 1 0)
(9.35625 1 0)
(9.3625 1 0)
(9.36875 1 0)
(9.375 1 0)
(9.38125 1 0)
(9.3875 1 0)
(9.39375 1 0)
(9.4 1 0)
(9.40625 1 0)
(9.4125 1 0)
(9.41875 1 0)
(9.425 1 0)
(9.43125 1 0)
(9.4375 1 0)
(9.44375 1 0)
(9.45 1 0)
(9.45625 1 0)
(9.4625 1 0)
(9.46875 1 0)
(9.475 1 0)
(9.48125 1 0)
(9.4875 1 0)
(9.49375 1 0)
(9.5 1 0)
(9.50625 1 0)
(9.5125 1 0)
(9.51875 1 0)
(9.525 1 0)
(9.53125 1 0)
(9.5375 1 0)
(9.54375 1 0)
(9.55 1 0)
(9.55625 1 0)
(9.5625 1 0)
(9.56875 1 0)
(9.575 1 0)
(9.58125 1 0)
(9.5875 1 0)
(9.59375 1 0)
(9.6 1 0)
(9.60625 1 0)
(9.6125 1 0)
(9.61875 1 0)
(9.625 1 0)
(9.63125 1 0)
(9.6375 1 0)
(9.64375 1 0)
(9.65 1 0)
(9.65625 1 0)
(9.6625 1 0)
(9.66875 1 0)
(9.675 1 0)
(9.68125 1 0)
(9.6875 1 0)
(9.69375 1 0)
(9.7 1 0)
(9.70625 1 0)
(9.7125 1 0)
(9.71875 1 0)
(9.725 1 0)
(9.73125 1 0)
(9.7375 1 0)
(9.74375 1 0)
(9.75 1 0)
(9.75625 1 0)
(9.7625 1 0)
(9.76875 1 0)
(9.775 1 0)
(9.78125 1 0)
(9.7875 1 0)
(9.79375 1 0)
(9.8 1 0)
(9.80625 1 0)
(9.8125 1 0)
(9.81875 1 0)
(9.825 1 0)
(9.83125 1 0)
(9.8375 1 0)
(9.84375 1 0)
(9.85 1 0)
(9.85625 1 0)
(9.8625 1 0)
(9.86875 1 0)
(9.875 1 0)
(9.88125 1 0)
(9.8875 1 0)
(9.89375 1 0)
(9.9 1 0)
(9.90625 1 0)
(9.9125 1 0)
(9.91875 1 0)
(9.925 1 0)
(9.93125 1 0)
(9.9375 1 0)
(9.94375 1 0)
(9.95 1 0)
(9.95625 1 0)
(9.9625 1 0)
(9.96875 1 0)
(9.975 1 0)
(9.98125 1 0)
(9.9875 1 0)
(9.99375 1 0)
(10 1 0)
(0 0 1)
(0.00625 0 1)
(0.0125 0 1)
(0.01875 0 1)
(0.025 0 1)
(0.03125 0 1)
(0.0375 0 1)
(0.04375 0 1)
(0.05 0 1)
(0.05625 0 1)
(0.0625 0 1)
(0.06875 0 1)
(0.075 0 1)
(0.08125 0 1)
(0.0875 0 1)
(0.09375 0 1)
(0.1 0 1)
(0.10625 0 1)
(0.1125 0 1)
(0.11875 0 1)
(0.125 0 1)
(0.13125 0 1)
(0.1375 0 1)
(0.14375 0 1)
(0.15 0 1)
(0.15625 0 1)
(0.1625 0 1)
(0.16875 0 1)
(0.175 0 1)
(0.18125 0 1)
(0.1875 0 1)
(0.19375 0 1)
(0.2 0 1)
(0.20625 0 1)
(0.2125 0 1)
(0.21875 0 1)
(0.225 0 1)
(0.23125 0 1)
(0.2375 0 1)
(0.24375 0 1)
(0.25 0 1)
(0.25625 0 1)
(0.2625 0 1)
(0.26875 0 1)
(0.275 0 1)
(0.28125 0 1)
(0.2875 0 1)
(0.29375 0 1)
(0.3 0 1)
(0.30625 0 1)
(0.3125 0 1)
(0.31875 0 1)
(0.325 0 1)
(0.33125 0 1)
(0.3375 0 1)
(0.34375 0 1)
(0.35 0 1)
(0.35625 0 1)
(0.3625 0 1)
(0.36875 0 1)
(0.375 0 1)
(0.38125 0 1)
(0.3875 0 1)
(0.39375 0 1)
(0.4 0 1)
(0.40625 0 1)
(0.4125 0 1)
(0.41875 0 1)
(0.425 0 1)
(0.43125 0 1)
(0.4375 0 1)
(0.44375 0 1)
(0.45 0 1)
(0.45625 0 1)
(0.4625 0 1)
(0.46875 0 1)
(0.475 0 1)
(0.48125 0 1)
(0.4875 0 1)
(0.49375 0 1)
(0.5 0 1)
(0.50625 0 1)
(0.5125 0 1)
(0.51875 0 1)
(0.525 0 1)
(0.53125 0 1)
(0.5375 0 1)
(0.54375 0 1)
(0.55 0 1)
(0.55625 0 1)
(0.5625 0 1)
(0.56875 0 1)
(0.575 0 1)
(0.58125 0 1)
(0.5875 0 1)
(0.59375 0 1)
(0.6 0 1)
(0.60625 0 1)
(0.6125 0 1)
(0.61875 0 1)
(0.625 0 1)
(0.63125 0 1)
(0.6375 0 1)
(0.64375 0 1)
(0.65 0 1)
(0.65625 0 1)
(0.6625 0 1)
(0.66875 0 1)
(0.675 0 1)
(0.68125 0 1)
(0.6875 0 1)
(0.69375 0 1)
(0.7 0 1)
(0.70625 0 1)
(0.7125 0 1)
(0.71875 0 1)
(0.725 0 1)
(0.73125 0 1)
(0.7375 0 1)
(0.74375 0 1)
(0.75 0 1)
(0.75625 0 1)
(0.7625 0 1)
(0.76875 0 1)
(0.775 0 1)
(0.78125 0 1)
(0.7875 0 1)
(0.79375 0 1)
(0.8 0 1)
(0.80625 0 1)
(0.8125 0 1)
(0.81875 0 1)
(0.825 0 1)
(0.83125 0 1)
(0.8375 0 1)
(0.84375 0 1)
(0.85 0 1)
(0.85625 0 1)
(0.8625 0 1)
(0.86875 0 1)
(0.875 0 1)
(0.88125 0 1)
(0.8875 0 1)
(0.89375 0 1)
(0.9 0 1)
(0.90625 0 1)
(0.9125 0 1)
(0.91875 0 1)
(0.925 0 1)
(0.93125 0 1)
(0.9375 0 1)
(0.94375 0 1)
(0.95 0 1)
(0.95625 0 1)
(0.9625 0 1)
(0.96875 0 1)
(0.975 0 1)
(0.98125 0 1)
(0.9875 0 1)
(0.99375 0 1)
(1 0 1)
(1.00625 0 1)
(1.0125 0 1)
(1.01875 0 1)
(1.025 0 1)
(1.03125 0 1)
(1.0375 0 1)
(1.04375 0 1)
(1.05 0 1)
(1.05625 0 1)
(1.0625 0 1)
(1.06875 0 1)
(1.075 0 1)
(1.08125 0 1)
(1.0875 0 1)
(1.09375 0 1)
(1.1 0 1)
(1.10625 0 1)
(1.1125 0 1)
(1.11875 0 1)
(1.125 0 1)
(1.13125 0 1)
(1.1375 0 1)
(1.14375 0 1)
(1.15 0 1)
(1.15625 0 1)
(1.1625 0 1)
(1.16875 0 1)
(1.175 0 1)
(1.18125 0 1)
(1.1875 0 1)
(1.19375 0 1)
(1.2 0 1)
(1.20625 0 1)
(1.2125 0 1)
(1.21875 0 1)
(1.225 0 1)
(1.23125 0 1)
(1.2375 0 1)
(1.24375 0 1)
(1.25 0 1)
(1.25625 0 1)
(1.2625 0 1)
(1.26875 0 1)
(1.275 0 1)
(1.28125 0 1)
(1.2875 0 1)
(1.29375 0 1)
(1.3 0 1)
(1.30625 0 1)
(1.3125 0 1)
(1.31875 0 1)
(1.325 0 1)
(1.33125 0 1)
(1.3375 0 1)
(1.34375 0 1)
(1.35 0 1)
(1.35625 0 1)
(1.3625 0 1)
(1.36875 0 1)
(1.375 0 1)
(1.38125 0 1)
(1.3875 0 1)
(1.39375 0 1)
(1.4 0 1)
(1.40625 0 1)
(1.4125 0 1)
(1.41875 0 1)
(1.425 0 1)
(1.43125 0 1)
(1.4375 0 1)
(1.44375 0 1)
(1.45 0 1)
(1.45625 0 1)
(1.4625 0 1)
(1.46875 0 1)
(1.475 0 1)
(1.48125 0 1)
(1.4875 0 1)
(1.49375 0 1)
(1.5 0 1)
(1.50625 0 1)
(1.5125 0 1)
(1.51875 0 1)
(1.525 0 1)
(1.53125 0 1)
(1.5375 0 1)
(1.54375 0 1)
(1.55 0 1)
(1.55625 0 1)
(1.5625 0 1)
(1.56875 0 1)
(1.575 0 1)
(1.58125 0 1)
(1.5875 0 1)
(1.59375 0 1)
(1.6 0 1)
(1.60625 0 1)
(1.6125 0 1)
(1.61875 0 1)
(1.625 0 1)
(1.63125 0 1)
(1.6375 0 1)
(1.64375 0 1)
(1.65 0 1)
(1.65625 0 1)
(1.6625 0 1)
(1.66875 0 1)
(1.675 0 1)
(1.68125 0 1)
(1.6875 0 1)
(1.69375 0 1)
(1.7 0 1)
(1.70625 0 1)
(1.7125 0 1)
(1.71875 0 1)
(1.725 0 1)
(1.73125 0 1)
(1.7375 0 1)
(1.74375 0 1)
(1.75 0 1)
(1.75625 0 1)
(1.7625 0 1)
(1.76875 0 1)
(1.775 0 1)
(1.78125 0 1)
(1.7875 0 1)
(1.79375 0 1)
(1.8 0 1)
(1.80625 0 1)
(1.8125 0 1)
(1.81875 0 1)
(1.825 0 1)
(1.83125 0 1)
(1.8375 0 1)
(1.84375 0 1)
(1.85 0 1)
(1.85625 0 1)
(1.8625 0 1)
(1.86875 0 1)
(1.875 0 1)
(1.88125 0 1)
(1.8875 0 1)
(1.89375 0 1)
(1.9 0 1)
(1.90625 0 1)
(1.9125 0 1)
(1.91875 0 1)
(1.925 0 1)
(1.93125 0 1)
(1.9375 0 1)
(1.94375 0 1)
(1.95 0 1)
(1.95625 0 1)
(1.9625 0 1)
(1.96875 0 1)
(1.975 0 1)
(1.98125 0 1)
(1.9875 0 1)
(1.99375 0 1)
(2 0 1)
(2.00625 0 1)
(2.0125 0 1)
(2.01875 0 1)
(2.025 0 1)
(2.03125 0 1)
(2.0375 0 1)
(2.04375 0 1)
(2.05 0 1)
(2.05625 0 1)
(2.0625 0 1)
(2.06875 0 1)
(2.075 0 1)
(2.08125 0 1)
(2.0875 0 1)
(2.09375 0 1)
(2.1 0 1)
(2.10625 0 1)
(2.1125 0 1)
(2.11875 0 1)
(2.125 0 1)
(2.13125 0 1)
(2.1375 0 1)
(2.14375 0 1)
(2.15 0 1)
(2.15625 0 1)
(2.1625 0 1)
(2.16875 0 1)
(2.175 0 1)
(2.18125 0 1)
(2.1875 0 1)
(2.19375 0 1)
(2.2 0 1)
(2.20625 0 1)
(2.2125 0 1)
(2.21875 0 1)
(2.225 0 1)
(2.23125 0 1)
(2.2375 0 1)
(2.24375 0 1)
(2.25 0 1)
(2.25625 0 1)
(2.2625 0 1)
(2.26875 0 1)
(2.275 0 1)
(2.28125 0 1)
(2.2875 0 1)
(2.29375 0 1)
(2.3 0 1)
(2.30625 0 1)
(2.3125 0 1)
(2.31875 0 1)
(2.325 0 1)
(2.33125 0 1)
(2.3375 0 1)
(2.34375 0 1)
(2.35 0 1)
(2.35625 0 1)
(2.3625 0 1)
(2.36875 0 1)
(2.375 0 1)
(2.38125 0 1)
(2.3875 0 1)
(2.39375 0 1)
(2.4 0 1)
(2.40625 0 1)
(2.4125 0 1)
(2.41875 0 1)
(2.425 0 1)
(2.43125 0 1)
(2.4375 0 1)
(2.44375 0 1)
(2.45 0 1)
(2.45625 0 1)
(2.4625 0 1)
(2.46875 0 1)
(2.475 0 1)
(2.48125 0 1)
(2.4875 0 1)
(2.49375 0 1)
(2.5 0 1)
(2.50625 0 1)
(2.5125 0 1)
(2.51875 0 1)
(2.525 0 1)
(2.53125 0 1)
(2.5375 0 1)
(2.54375 0 1)
(2.55 0 1)
(2.55625 0 1)
(2.5625 0 1)
(2.56875 0 1)
(2.575 0 1)
(2.58125 0 1)
(2.5875 0 1)
(2.59375 0 1)
(2.6 0 1)
(2.60625 0 1)
(2.6125 0 1)
(2.61875 0 1)
(2.625 0 1)
(2.63125 0 1)
(2.6375 0 1)
(2.64375 0 1)
(2.65 0 1)
(2.65625 0 1)
(2.6625 0 1)
(2.66875 0 1)
(2.675 0 1)
(2.68125 0 1)
(2.6875 0 1)
(2.69375 0 1)
(2.7 0 1)
(2.70625 0 1)
(2.7125 0 1)
(2.71875 0 1)
(2.725 0 1)
(2.73125 0 1)
(2.7375 0 1)
(2.74375 0 1)
(2.75 0 1)
(2.75625 0 1)
(2.7625 0 1)
(2.76875 0 1)
(2.775 0 1)
(2.78125 0 1)
(2.7875 0 1)
(2.79375 0 1)
(2.8 0 1)
(2.80625 0 1)
(2.8125 0 1)
(2.81875 0 1)
(2.825 0 1)
(2.83125 0 1)
(2.8375 0 1)
(2.84375 0 1)
(2.85 0 1)
(2.85625 0 1)
(2.8625 0 1)
(2.86875 0 1)
(2.875 0 1)
(2.88125 0 1)
(2.8875 0 1)
(2.89375 0 1)
(2.9 0 1)
(2.90625 0 1)
(2.9125 0 1)
(2.91875 0 1)
(2.925 0 1)
(2.93125 0 1)
(2.9375 0 1)
(2.94375 0 1)
(2.95 0 1)
(2.95625 0 1)
(2.9625 0 1)
(2.96875 0 1)
(2.975 0 1)
(2.98125 0 1)
(2.9875 0 1)
(2.99375 0 1)
(3 0 1)
(3.00625 0 1)
(3.0125 0 1)
(3.01875 0 1)
(3.025 0 1)
(3.03125 0 1)
(3.0375 0 1)
(3.04375 0 1)
(3.05 0 1)
(3.05625 0 1)
(3.0625 0 1)
(3.06875 0 1)
(3.075 0 1)
(3.08125 0 1)
(3.0875 0 1)
(3.09375 0 1)
(3.1 0 1)
(3.10625 0 1)
(3.1125 0 1)
(3.11875 0 1)
(3.125 0 1)
(3.13125 0 1)
(3.1375 0 1)
(3.14375 0 1)
(3.15 0 1)
(3.15625 0 1)
(3.1625 0 1)
(3.16875 0 1)
(3.175 0 1)
(3.18125 0 1)
(3.1875 0 1)
(3.19375 0 1)
(3.2 0 1)
(3.20625 0 1)
(3.2125 0 1)
(3.21875 0 1)
(3.225 0 1)
(3.23125 0 1)
(3.2375 0 1)
(3.24375 0 1)
(3.25 0 1)
(3.25625 0 1)
(3.2625 0 1)
(3.26875 0 1)
(3.275 0 1)
(3.28125 0 1)
(3.2875 0 1)
(3.29375 0 1)
(3.3 0 1)
(3.30625 0 1)
(3.3125 0 1)
(3.31875 0 1)
(3.325 0 1)
(3.33125 0 1)
(3.3375 0 1)
(3.34375 0 1)
(3.35 0 1)
(3.35625 0 1)
(3.3625 0 1)
(3.36875 0 1)
(3.375 0 1)
(3.38125 0 1)
(3.3875 0 1)
(3.39375 0 1)
(3.4 0 1)
(3.40625 0 1)
(3.4125 0 1)
(3.41875 0 1)
(3.425 0 1)
(3.43125 0 1)
(3.4375 0 1)
(3.44375 0 1)
(3.45 0 1)
(3.45625 0 1)
(3.4625 0 1)
(3.46875 0 1)
(3.475 0 1)
(3.48125 0 1)
(3.4875 0 1)
(3.49375 0 1)
(3.5 0 1)
(3.50625 0 1)
(3.5125 0 1)
(3.51875 0 1)
(3.525 0 1)
(3.53125 0 1)
(3.5375 0 1)
(3.54375 0 1)
(3.55 0 1)
(3.55625 0 1)
(3.5625 0 1)
(3.56875 0 1)
(3.575 0 1)
(3.58125 0 1)
(3.5875 0 1)
(3.59375 0 1)
(3.6 0 1)
(3.60625 0 1)
(3.6125 0 1)
(3.61875 0 1)
(3.625 0 1)
(3.63125 0 1)
(3.6375 0 1)
(3.64375 0 1)
(3.65 0 1)
(3.65625 0 1)
(3.6625 0 1)
(3.66875 0 1)
(3.675 0 1)
(3.68125 0 1)
(3.6875 0 1)
(3.69375 0 1)
(3.7 0 1)
(3.70625 0 1)
(3.7125 0 1)
(3.71875 0 1)
(3.725 0 1)
(3.73125 0 1)
(3.7375 0 1)
(3.74375 0 1)
(3.75 0 1)
(3.75625 0 1)
(3.7625 0 1)
(3.76875 0 1)
(3.775 0 1)
(3.78125 0 1)
(3.7875 0 1)
(3.79375 0 1)
(3.8 0 1)
(3.80625 0 1)
(3.8125 0 1)
(3.81875 0 1)
(3.825 0 1)
(3.83125 0 1)
(3.8375 0 1)
(3.84375 0 1)
(3.85 0 1)
(3.85625 0 1)
(3.8625 0 1)
(3.86875 0 1)
(3.875 0 1)
(3.88125 0 1)
(3.8875 0 1)
(3.89375 0 1)
(3.9 0 1)
(3.90625 0 1)
(3.9125 0 1)
(3.91875 0 1)
(3.925 0 1)
(3.93125 0 1)
(3.9375 0 1)
(3.94375 0 1)
(3.95 0 1)
(3.95625 0 1)
(3.9625 0 1)
(3.96875 0 1)
(3.975 0 1)
(3.98125 0 1)
(3.9875 0 1)
(3.99375 0 1)
(4 0 1)
(4.00625 0 1)
(4.0125 0 1)
(4.01875 0 1)
(4.025 0 1)
(4.03125 0 1)
(4.0375 0 1)
(4.04375 0 1)
(4.05 0 1)
(4.05625 0 1)
(4.0625 0 1)
(4.06875 0 1)
(4.075 0 1)
(4.08125 0 1)
(4.0875 0 1)
(4.09375 0 1)
(4.1 0 1)
(4.10625 0 1)
(4.1125 0 1)
(4.11875 0 1)
(4.125 0 1)
(4.13125 0 1)
(4.1375 0 1)
(4.14375 0 1)
(4.15 0 1)
(4.15625 0 1)
(4.1625 0 1)
(4.16875 0 1)
(4.175 0 1)
(4.18125 0 1)
(4.1875 0 1)
(4.19375 0 1)
(4.2 0 1)
(4.20625 0 1)
(4.2125 0 1)
(4.21875 0 1)
(4.225 0 1)
(4.23125 0 1)
(4.2375 0 1)
(4.24375 0 1)
(4.25 0 1)
(4.25625 0 1)
(4.2625 0 1)
(4.26875 0 1)
(4.275 0 1)
(4.28125 0 1)
(4.2875 0 1)
(4.29375 0 1)
(4.3 0 1)
(4.30625 0 1)
(4.3125 0 1)
(4.31875 0 1)
(4.325 0 1)
(4.33125 0 1)
(4.3375 0 1)
(4.34375 0 1)
(4.35 0 1)
(4.35625 0 1)
(4.3625 0 1)
(4.36875 0 1)
(4.375 0 1)
(4.38125 0 1)
(4.3875 0 1)
(4.39375 0 1)
(4.4 0 1)
(4.40625 0 1)
(4.4125 0 1)
(4.41875 0 1)
(4.425 0 1)
(4.43125 0 1)
(4.4375 0 1)
(4.44375 0 1)
(4.45 0 1)
(4.45625 0 1)
(4.4625 0 1)
(4.46875 0 1)
(4.475 0 1)
(4.48125 0 1)
(4.4875 0 1)
(4.49375 0 1)
(4.5 0 1)
(4.50625 0 1)
(4.5125 0 1)
(4.51875 0 1)
(4.525 0 1)
(4.53125 0 1)
(4.5375 0 1)
(4.54375 0 1)
(4.55 0 1)
(4.55625 0 1)
(4.5625 0 1)
(4.56875 0 1)
(4.575 0 1)
(4.58125 0 1)
(4.5875 0 1)
(4.59375 0 1)
(4.6 0 1)
(4.60625 0 1)
(4.6125 0 1)
(4.61875 0 1)
(4.625 0 1)
(4.63125 0 1)
(4.6375 0 1)
(4.64375 0 1)
(4.65 0 1)
(4.65625 0 1)
(4.6625 0 1)
(4.66875 0 1)
(4.675 0 1)
(4.68125 0 1)
(4.6875 0 1)
(4.69375 0 1)
(4.7 0 1)
(4.70625 0 1)
(4.7125 0 1)
(4.71875 0 1)
(4.725 0 1)
(4.73125 0 1)
(4.7375 0 1)
(4.74375 0 1)
(4.75 0 1)
(4.75625 0 1)
(4.7625 0 1)
(4.76875 0 1)
(4.775 0 1)
(4.78125 0 1)
(4.7875 0 1)
(4.79375 0 1)
(4.8 0 1)
(4.80625 0 1)
(4.8125 0 1)
(4.81875 0 1)
(4.825 0 1)
(4.83125 0 1)
(4.8375 0 1)
(4.84375 0 1)
(4.85 0 1)
(4.85625 0 1)
(4.8625 0 1)
(4.86875 0 1)
(4.875 0 1)
(4.88125 0 1)
(4.8875 0 1)
(4.89375 0 1)
(4.9 0 1)
(4.90625 0 1)
(4.9125 0 1)
(4.91875 0 1)
(4.925 0 1)
(4.93125 0 1)
(4.9375 0 1)
(4.94375 0 1)
(4.95 0 1)
(4.95625 0 1)
(4.9625 0 1)
(4.96875 0 1)
(4.975 0 1)
(4.98125 0 1)
(4.9875 0 1)
(4.99375 0 1)
(5 0 1)
(5.00625 0 1)
(5.0125 0 1)
(5.01875 0 1)
(5.025 0 1)
(5.03125 0 1)
(5.0375 0 1)
(5.04375 0 1)
(5.05 0 1)
(5.05625 0 1)
(5.0625 0 1)
(5.06875 0 1)
(5.075 0 1)
(5.08125 0 1)
(5.0875 0 1)
(5.09375 0 1)
(5.1 0 1)
(5.10625 0 1)
(5.1125 0 1)
(5.11875 0 1)
(5.125 0 1)
(5.13125 0 1)
(5.1375 0 1)
(5.14375 0 1)
(5.15 0 1)
(5.15625 0 1)
(5.1625 0 1)
(5.16875 0 1)
(5.175 0 1)
(5.18125 0 1)
(5.1875 0 1)
(5.19375 0 1)
(5.2 0 1)
(5.20625 0 1)
(5.2125 0 1)
(5.21875 0 1)
(5.225 0 1)
(5.23125 0 1)
(5.2375 0 1)
(5.24375 0 1)
(5.25 0 1)
(5.25625 0 1)
(5.2625 0 1)
(5.26875 0 1)
(5.275 0 1)
(5.28125 0 1)
(5.2875 0 1)
(5.29375 0 1)
(5.3 0 1)
(5.30625 0 1)
(5.3125 0 1)
(5.31875 0 1)
(5.325 0 1)
(5.33125 0 1)
(5.3375 0 1)
(5.34375 0 1)
(5.35 0 1)
(5.35625 0 1)
(5.3625 0 1)
(5.36875 0 1)
(5.375 0 1)
(5.38125 0 1)
(5.3875 0 1)
(5.39375 0 1)
(5.4 0 1)
(5.40625 0 1)
(5.4125 0 1)
(5.41875 0 1)
(5.425 0 1)
(5.43125 0 1)
(5.4375 0 1)
(5.44375 0 1)
(5.45 0 1)
(5.45625 0 1)
(5.4625 0 1)
(5.46875 0 1)
(5.475 0 1)
(5.48125 0 1)
(5.4875 0 1)
(5.49375 0 1)
(5.5 0 1)
(5.50625 0 1)
(5.5125 0 1)
(5.51875 0 1)
(5.525 0 1)
(5.53125 0 1)
(5.5375 0 1)
(5.54375 0 1)
(5.55 0 1)
(5.55625 0 1)
(5.5625 0 1)
(5.56875 0 1)
(5.575 0 1)
(5.58125 0 1)
(5.5875 0 1)
(5.59375 0 1)
(5.6 0 1)
(5.60625 0 1)
(5.6125 0 1)
(5.61875 0 1)
(5.625 0 1)
(5.63125 0 1)
(5.6375 0 1)
(5.64375 0 1)
(5.65 0 1)
(5.65625 0 1)
(5.6625 0 1)
(5.66875 0 1)
(5.675 0 1)
(5.68125 0 1)
(5.6875 0 1)
(5.69375 0 1)
(5.7 0 1)
(5.70625 0 1)
(5.7125 0 1)
(5.71875 0 1)
(5.725 0 1)
(5.73125 0 1)
(5.7375 0 1)
(5.74375 0 1)
(5.75 0 1)
(5.75625 0 1)
(5.7625 0 1)
(5.76875 0 1)
(5.775 0 1)
(5.78125 0 1)
(5.7875 0 1)
(5.79375 0 1)
(5.8 0 1)
(5.80625 0 1)
(5.8125 0 1)
(5.81875 0 1)
(5.825 0 1)
(5.83125 0 1)
(5.8375 0 1)
(5.84375 0 1)
(5.85 0 1)
(5.85625 0 1)
(5.8625 0 1)
(5.86875 0 1)
(5.875 0 1)
(5.88125 0 1)
(5.8875 0 1)
(5.89375 0 1)
(5.9 0 1)
(5.90625 0 1)
(5.9125 0 1)
(5.91875 0 1)
(5.925 0 1)
(5.93125 0 1)
(5.9375 0 1)
(5.94375 0 1)
(5.95 0 1)
(5.95625 0 1)
(5.9625 0 1)
(5.96875 0 1)
(5.975 0 1)
(5.98125 0 1)
(5.9875 0 1)
(5.99375 0 1)
(6 0 1)
(6.00625 0 1)
(6.0125 0 1)
(6.01875 0 1)
(6.025 0 1)
(6.03125 0 1)
(6.0375 0 1)
(6.04375 0 1)
(6.05 0 1)
(6.05625 0 1)
(6.0625 0 1)
(6.06875 0 1)
(6.075 0 1)
(6.08125 0 1)
(6.0875 0 1)
(6.09375 0 1)
(6.1 0 1)
(6.10625 0 1)
(6.1125 0 1)
(6.11875 0 1)
(6.125 0 1)
(6.13125 0 1)
(6.1375 0 1)
(6.14375 0 1)
(6.15 0 1)
(6.15625 0 1)
(6.1625 0 1)
(6.16875 0 1)
(6.175 0 1)
(6.18125 0 1)
(6.1875 0 1)
(6.19375 0 1)
(6.2 0 1)
(6.20625 0 1)
(6.2125 0 1)
(6.21875 0 1)
(6.225 0 1)
(6.23125 0 1)
(6.2375 0 1)
(6.24375 0 1)
(6.25 0 1)
(6.25625 0 1)
(6.2625 0 1)
(6.26875 0 1)
(6.275 0 1)
(6.28125 0 1)
(6.2875 0 1)
(6.29375 0 1)
(6.3 0 1)
(6.30625 0 1)
(6.3125 0 1)
(6.31875 0 1)
(6.325 0 1)
(6.33125 0 1)
(6.3375 0 1)
(6.34375 0 1)
(6.35 0 1)
(6.35625 0 1)
(6.3625 0 1)
(6.36875 0 1)
(6.375 0 1)
(6.38125 0 1)
(6.3875 0 1)
(6.39375 0 1)
(6.4 0 1)
(6.40625 0 1)
(6.4125 0 1)
(6.41875 0 1)
(6.425 0 1)
(6.43125 0 1)
(6.4375 0 1)
(6.44375 0 1)
(6.45 0 1)
(6.45625 0 1)
(6.4625 0 1)
(6.46875 0 1)
(6.475 0 1)
(6.48125 0 1)
(6.4875 0 1)
(6.49375 0 1)
(6.5 0 1)
(6.50625 0 1)
(6.5125 0 1)
(6.51875 0 1)
(6.525 0 1)
(6.53125 0 1)
(6.5375 0 1)
(6.54375 0 1)
(6.55 0 1)
(6.55625 0 1)
(6.5625 0 1)
(6.56875 0 1)
(6.575 0 1)
(6.58125 0 1)
(6.5875 0 1)
(6.59375 0 1)
(6.6 0 1)
(6.60625 0 1)
(6.6125 0 1)
(6.61875 0 1)
(6.625 0 1)
(6.63125 0 1)
(6.6375 0 1)
(6.64375 0 1)
(6.65 0 1)
(6.65625 0 1)
(6.6625 0 1)
(6.66875 0 1)
(6.675 0 1)
(6.68125 0 1)
(6.6875 0 1)
(6.69375 0 1)
(6.7 0 1)
(6.70625 0 1)
(6.7125 0 1)
(6.71875 0 1)
(6.725 0 1)
(6.73125 0 1)
(6.7375 0 1)
(6.74375 0 1)
(6.75 0 1)
(6.75625 0 1)
(6.7625 0 1)
(6.76875 0 1)
(6.775 0 1)
(6.78125 0 1)
(6.7875 0 1)
(6.79375 0 1)
(6.8 0 1)
(6.80625 0 1)
(6.8125 0 1)
(6.81875 0 1)
(6.825 0 1)
(6.83125 0 1)
(6.8375 0 1)
(6.84375 0 1)
(6.85 0 1)
(6.85625 0 1)
(6.8625 0 1)
(6.86875 0 1)
(6.875 0 1)
(6.88125 0 1)
(6.8875 0 1)
(6.89375 0 1)
(6.9 0 1)
(6.90625 0 1)
(6.9125 0 1)
(6.91875 0 1)
(6.925 0 1)
(6.93125 0 1)
(6.9375 0 1)
(6.94375 0 1)
(6.95 0 1)
(6.95625 0 1)
(6.9625 0 1)
(6.96875 0 1)
(6.975 0 1)
(6.98125 0 1)
(6.9875 0 1)
(6.99375 0 1)
(7 0 1)
(7.00625 0 1)
(7.0125 0 1)
(7.01875 0 1)
(7.025 0 1)
(7.03125 0 1)
(7.0375 0 1)
(7.04375 0 1)
(7.05 0 1)
(7.05625 0 1)
(7.0625 0 1)
(7.06875 0 1)
(7.075 0 1)
(7.08125 0 1)
(7.0875 0 1)
(7.09375 0 1)
(7.1 0 1)
(7.10625 0 1)
(7.1125 0 1)
(7.11875 0 1)
(7.125 0 1)
(7.13125 0 1)
(7.1375 0 1)
(7.14375 0 1)
(7.15 0 1)
(7.15625 0 1)
(7.1625 0 1)
(7.16875 0 1)
(7.175 0 1)
(7.18125 0 1)
(7.1875 0 1)
(7.19375 0 1)
(7.2 0 1)
(7.20625 0 1)
(7.2125 0 1)
(7.21875 0 1)
(7.225 0 1)
(7.23125 0 1)
(7.2375 0 1)
(7.24375 0 1)
(7.25 0 1)
(7.25625 0 1)
(7.2625 0 1)
(7.26875 0 1)
(7.275 0 1)
(7.28125 0 1)
(7.2875 0 1)
(7.29375 0 1)
(7.3 0 1)
(7.30625 0 1)
(7.3125 0 1)
(7.31875 0 1)
(7.325 0 1)
(7.33125 0 1)
(7.3375 0 1)
(7.34375 0 1)
(7.35 0 1)
(7.35625 0 1)
(7.3625 0 1)
(7.36875 0 1)
(7.375 0 1)
(7.38125 0 1)
(7.3875 0 1)
(7.39375 0 1)
(7.4 0 1)
(7.40625 0 1)
(7.4125 0 1)
(7.41875 0 1)
(7.425 0 1)
(7.43125 0 1)
(7.4375 0 1)
(7.44375 0 1)
(7.45 0 1)
(7.45625 0 1)
(7.4625 0 1)
(7.46875 0 1)
(7.475 0 1)
(7.48125 0 1)
(7.4875 0 1)
(7.49375 0 1)
(7.5 0 1)
(7.50625 0 1)
(7.5125 0 1)
(7.51875 0 1)
(7.525 0 1)
(7.53125 0 1)
(7.5375 0 1)
(7.54375 0 1)
(7.55 0 1)
(7.55625 0 1)
(7.5625 0 1)
(7.56875 0 1)
(7.575 0 1)
(7.58125 0 1)
(7.5875 0 1)
(7.59375 0 1)
(7.6 0 1)
(7.60625 0 1)
(7.6125 0 1)
(7.61875 0 1)
(7.625 0 1)
(7.63125 0 1)
(7.6375 0 1)
(7.64375 0 1)
(7.65 0 1)
(7.65625 0 1)
(7.6625 0 1)
(7.66875 0 1)
(7.675 0 1)
(7.68125 0 1)
(7.6875 0 1)
(7.69375 0 1)
(7.7 0 1)
(7.70625 0 1)
(7.7125 0 1)
(7.71875 0 1)
(7.725 0 1)
(7.73125 0 1)
(7.7375 0 1)
(7.74375 0 1)
(7.75 0 1)
(7.75625 0 1)
(7.7625 0 1)
(7.76875 0 1)
(7.775 0 1)
(7.78125 0 1)
(7.7875 0 1)
(7.79375 0 1)
(7.8 0 1)
(7.80625 0 1)
(7.8125 0 1)
(7.81875 0 1)
(7.825 0 1)
(7.83125 0 1)
(7.8375 0 1)
(7.84375 0 1)
(7.85 0 1)
(7.85625 0 1)
(7.8625 0 1)
(7.86875 0 1)
(7.875 0 1)
(7.88125 0 1)
(7.8875 0 1)
(7.89375 0 1)
(7.9 0 1)
(7.90625 0 1)
(7.9125 0 1)
(7.91875 0 1)
(7.925 0 1)
(7.93125 0 1)
(7.9375 0 1)
(7.94375 0 1)
(7.95 0 1)
(7.95625 0 1)
(7.9625 0 1)
(7.96875 0 1)
(7.975 0 1)
(7.98125 0 1)
(7.9875 0 1)
(7.99375 0 1)
(8 0 1)
(8.00625 0 1)
(8.0125 0 1)
(8.01875 0 1)
(8.025 0 1)
(8.03125 0 1)
(8.0375 0 1)
(8.04375 0 1)
(8.05 0 1)
(8.05625 0 1)
(8.0625 0 1)
(8.06875 0 1)
(8.075 0 1)
(8.08125 0 1)
(8.0875 0 1)
(8.09375 0 1)
(8.1 0 1)
(8.10625 0 1)
(8.1125 0 1)
(8.11875 0 1)
(8.125 0 1)
(8.13125 0 1)
(8.1375 0 1)
(8.14375 0 1)
(8.15 0 1)
(8.15625 0 1)
(8.1625 0 1)
(8.16875 0 1)
(8.175 0 1)
(8.18125 0 1)
(8.1875 0 1)
(8.19375 0 1)
(8.2 0 1)
(8.20625 0 1)
(8.2125 0 1)
(8.21875 0 1)
(8.225 0 1)
(8.23125 0 1)
(8.2375 0 1)
(8.24375 0 1)
(8.25 0 1)
(8.25625 0 1)
(8.2625 0 1)
(8.26875 0 1)
(8.275 0 1)
(8.28125 0 1)
(8.2875 0 1)
(8.29375 0 1)
(8.3 0 1)
(8.30625 0 1)
(8.3125 0 1)
(8.31875 0 1)
(8.325 0 1)
(8.33125 0 1)
(8.3375 0 1)
(8.34375 0 1)
(8.35 0 1)
(8.35625 0 1)
(8.3625 0 1)
(8.36875 0 1)
(8.375 0 1)
(8.38125 0 1)
(8.3875 0 1)
(8.39375 0 1)
(8.4 0 1)
(8.40625 0 1)
(8.4125 0 1)
(8.41875 0 1)
(8.425 0 1)
(8.43125 0 1)
(8.4375 0 1)
(8.44375 0 1)
(8.45 0 1)
(8.45625 0 1)
(8.4625 0 1)
(8.46875 0 1)
(8.475 0 1)
(8.48125 0 1)
(8.4875 0 1)
(8.49375 0 1)
(8.5 0 1)
(8.50625 0 1)
(8.5125 0 1)
(8.51875 0 1)
(8.525 0 1)
(8.53125 0 1)
(8.5375 0 1)
(8.54375 0 1)
(8.55 0 1)
(8.55625 0 1)
(8.5625 0 1)
(8.56875 0 1)
(8.575 0 1)
(8.58125 0 1)
(8.5875 0 1)
(8.59375 0 1)
(8.6 0 1)
(8.60625 0 1)
(8.6125 0 1)
(8.61875 0 1)
(8.625 0 1)
(8.63125 0 1)
(8.6375 0 1)
(8.64375 0 1)
(8.65 0 1)
(8.65625 0 1)
(8.6625 0 1)
(8.66875 0 1)
(8.675 0 1)
(8.68125 0 1)
(8.6875 0 1)
(8.69375 0 1)
(8.7 0 1)
(8.70625 0 1)
(8.7125 0 1)
(8.71875 0 1)
(8.725 0 1)
(8.73125 0 1)
(8.7375 0 1)
(8.74375 0 1)
(8.75 0 1)
(8.75625 0 1)
(8.7625 0 1)
(8.76875 0 1)
(8.775 0 1)
(8.78125 0 1)
(8.7875 0 1)
(8.79375 0 1)
(8.8 0 1)
(8.80625 0 1)
(8.8125 0 1)
(8.81875 0 1)
(8.825 0 1)
(8.83125 0 1)
(8.8375 0 1)
(8.84375 0 1)
(8.85 0 1)
(8.85625 0 1)
(8.8625 0 1)
(8.86875 0 1)
(8.875 0 1)
(8.88125 0 1)
(8.8875 0 1)
(8.89375 0 1)
(8.9 0 1)
(8.90625 0 1)
(8.9125 0 1)
(8.91875 0 1)
(8.925 0 1)
(8.93125 0 1)
(8.9375 0 1)
(8.94375 0 1)
(8.95 0 1)
(8.95625 0 1)
(8.9625 0 1)
(8.96875 0 1)
(8.975 0 1)
(8.98125 0 1)
(8.9875 0 1)
(8.99375 0 1)
(9 0 1)
(9.00625 0 1)
(9.0125 0 1)
(9.01875 0 1)
(9.025 0 1)
(9.03125 0 1)
(9.0375 0 1)
(9.04375 0 1)
(9.05 0 1)
(9.05625 0 1)
(9.0625 0 1)
(9.06875 0 1)
(9.075 0 1)
(9.08125 0 1)
(9.0875 0 1)
(9.09375 0 1)
(9.1 0 1)
(9.10625 0 1)
(9.1125 0 1)
(9.11875 0 1)
(9.125 0 1)
(9.13125 0 1)
(9.1375 0 1)
(9.14375 0 1)
(9.15 0 1)
(9.15625 0 1)
(9.1625 0 1)
(9.16875 0 1)
(9.175 0 1)
(9.18125 0 1)
(9.1875 0 1)
(9.19375 0 1)
(9.2 0 1)
(9.20625 0 1)
(9.2125 0 1)
(9.21875 0 1)
(9.225 0 1)
(9.23125 0 1)
(9.2375 0 1)
(9.24375 0 1)
(9.25 0 1)
(9.25625 0 1)
(9.2625 0 1)
(9.26875 0 1)
(9.275 0 1)
(9.28125 0 1)
(9.2875 0 1)
(9.29375 0 1)
(9.3 0 1)
(9.30625 0 1)
(9.3125 0 1)
(9.31875 0 1)
(9.325 0 1)
(9.33125 0 1)
(9.3375 0 1)
(9.34375 0 1)
(9.35 0 1)
(9.35625 0 1)
(9.3625 0 1)
(9.36875 0 1)
(9.375 0 1)
(9.38125 0 1)
(9.3875 0 1)
(9.39375 0 1)
(9.4 0 1)
(9.40625 0 1)
(9.4125 0 1)
(9.41875 0 1)
(9.425 0 1)
(9.43125 0 1)
(9.4375 0 1)
(9.44375 0 1)
(9.45 0 1)
(9.45625 0 1)
(9.4625 0 1)
(9.46875 0 1)
(9.475 0 1)
(9.48125 0 1)
(9.4875 0 1)
(9.49375 0 1)
(9.5 0 1)
(9.50625 0 1)
(9.5125 0 1)
(9.51875 0 1)
(9.525 0 1)
(9.53125 0 1)
(9.5375 0 1)
(9.54375 0 1)
(9.55 0 1)
(9.55625 0 1)
(9.5625 0 1)
(9.56875 0 1)
(9.575 0 1)
(9.58125 0 1)
(9.5875 0 1)
(9.59375 0 1)
(9.6 0 1)
(9.60625 0 1)
(9.6125 0 1)
(9.61875 0 1)
(9.625 0 1)
(9.63125 0 1)
(9.6375 0 1)
(9.64375 0 1)
(9.65 0 1)
(9.65625 0 1)
(9.6625 0 1)
(9.66875 0 1)
(9.675 0 1)
(9.68125 0 1)
(9.6875 0 1)
(9.69375 0 1)
(9.7 0 1)
(9.70625 0 1)
(9.7125 0 1)
(9.71875 0 1)
(9.725 0 1)
(9.73125 0 1)
(9.7375 0 1)
(9.74375 0 1)
(9.75 0 1)
(9.75625 0 1)
(9.7625 0 1)
(9.76875 0 1)
(9.775 0 1)
(9.78125 0 1)
(9.7875 0 1)
(9.79375 0 1)
(9.8 0 1)
(9.80625 0 1)
(9.8125 0 1)
(9.81875 0 1)
(9.825 0 1)
(9.83125 0 1)
(9.8375 0 1)
(9.84375 0 1)
(9.85 0 1)
(9.85625 0 1)
(9.8625 0 1)
(9.86875 0 1)
(9.875 0 1)
(9.88125 0 1)
(9.8875 0 1)
(9.89375 0 1)
(9.9 0 1)
(9.90625 0 1)
(9.9125 0 1)
(9.91875 0 1)
(9.925 0 1)
(9.93125 0 1)
(9.9375 0 1)
(9.94375 0 1)
(9.95 0 1)
(9.95625 0 1)
(9.9625 0 1)
(9.96875 0 1)
(9.975 0 1)
(9.98125 0 1)
(9.9875 0 1)
(9.99375 0 1)
(10 0 1)
(0 1 1)
(0.00625 1 1)
(0.0125 1 1)
(0.01875 1 1)
(0.025 1 1)
(0.03125 1 1)
(0.0375 1 1)
(0.04375 1 1)
(0.05 1 1)
(0.05625 1 1)
(0.0625 1 1)
(0.06875 1 1)
(0.075 1 1)
(0.08125 1 1)
(0.0875 1 1)
(0.09375 1 1)
(0.1 1 1)
(0.10625 1 1)
(0.1125 1 1)
(0.11875 1 1)
(0.125 1 1)
(0.13125 1 1)
(0.1375 1 1)
(0.14375 1 1)
(0.15 1 1)
(0.15625 1 1)
(0.1625 1 1)
(0.16875 1 1)
(0.175 1 1)
(0.18125 1 1)
(0.1875 1 1)
(0.19375 1 1)
(0.2 1 1)
(0.20625 1 1)
(0.2125 1 1)
(0.21875 1 1)
(0.225 1 1)
(0.23125 1 1)
(0.2375 1 1)
(0.24375 1 1)
(0.25 1 1)
(0.25625 1 1)
(0.2625 1 1)
(0.26875 1 1)
(0.275 1 1)
(0.28125 1 1)
(0.2875 1 1)
(0.29375 1 1)
(0.3 1 1)
(0.30625 1 1)
(0.3125 1 1)
(0.31875 1 1)
(0.325 1 1)
(0.33125 1 1)
(0.3375 1 1)
(0.34375 1 1)
(0.35 1 1)
(0.35625 1 1)
(0.3625 1 1)
(0.36875 1 1)
(0.375 1 1)
(0.38125 1 1)
(0.3875 1 1)
(0.39375 1 1)
(0.4 1 1)
(0.40625 1 1)
(0.4125 1 1)
(0.41875 1 1)
(0.425 1 1)
(0.43125 1 1)
(0.4375 1 1)
(0.44375 1 1)
(0.45 1 1)
(0.45625 1 1)
(0.4625 1 1)
(0.46875 1 1)
(0.475 1 1)
(0.48125 1 1)
(0.4875 1 1)
(0.49375 1 1)
(0.5 1 1)
(0.50625 1 1)
(0.5125 1 1)
(0.51875 1 1)
(0.525 1 1)
(0.53125 1 1)
(0.5375 1 1)
(0.54375 1 1)
(0.55 1 1)
(0.55625 1 1)
(0.5625 1 1)
(0.56875 1 1)
(0.575 1 1)
(0.58125 1 1)
(0.5875 1 1)
(0.59375 1 1)
(0.6 1 1)
(0.60625 1 1)
(0.6125 1 1)
(0.61875 1 1)
(0.625 1 1)
(0.63125 1 1)
(0.6375 1 1)
(0.64375 1 1)
(0.65 1 1)
(0.65625 1 1)
(0.6625 1 1)
(0.66875 1 1)
(0.675 1 1)
(0.68125 1 1)
(0.6875 1 1)
(0.69375 1 1)
(0.7 1 1)
(0.70625 1 1)
(0.7125 1 1)
(0.71875 1 1)
(0.725 1 1)
(0.73125 1 1)
(0.7375 1 1)
(0.74375 1 1)
(0.75 1 1)
(0.75625 1 1)
(0.7625 1 1)
(0.76875 1 1)
(0.775 1 1)
(0.78125 1 1)
(0.7875 1 1)
(0.79375 1 1)
(0.8 1 1)
(0.80625 1 1)
(0.8125 1 1)
(0.81875 1 1)
(0.825 1 1)
(0.83125 1 1)
(0.8375 1 1)
(0.84375 1 1)
(0.85 1 1)
(0.85625 1 1)
(0.8625 1 1)
(0.86875 1 1)
(0.875 1 1)
(0.88125 1 1)
(0.8875 1 1)
(0.89375 1 1)
(0.9 1 1)
(0.90625 1 1)
(0.9125 1 1)
(0.91875 1 1)
(0.925 1 1)
(0.93125 1 1)
(0.9375 1 1)
(0.94375 1 1)
(0.95 1 1)
(0.95625 1 1)
(0.9625 1 1)
(0.96875 1 1)
(0.975 1 1)
(0.98125 1 1)
(0.9875 1 1)
(0.99375 1 1)
(1 1 1)
(1.00625 1 1)
(1.0125 1 1)
(1.01875 1 1)
(1.025 1 1)
(1.03125 1 1)
(1.0375 1 1)
(1.04375 1 1)
(1.05 1 1)
(1.05625 1 1)
(1.0625 1 1)
(1.06875 1 1)
(1.075 1 1)
(1.08125 1 1)
(1.0875 1 1)
(1.09375 1 1)
(1.1 1 1)
(1.10625 1 1)
(1.1125 1 1)
(1.11875 1 1)
(1.125 1 1)
(1.13125 1 1)
(1.1375 1 1)
(1.14375 1 1)
(1.15 1 1)
(1.15625 1 1)
(1.1625 1 1)
(1.16875 1 1)
(1.175 1 1)
(1.18125 1 1)
(1.1875 1 1)
(1.19375 1 1)
(1.2 1 1)
(1.20625 1 1)
(1.2125 1 1)
(1.21875 1 1)
(1.225 1 1)
(1.23125 1 1)
(1.2375 1 1)
(1.24375 1 1)
(1.25 1 1)
(1.25625 1 1)
(1.2625 1 1)
(1.26875 1 1)
(1.275 1 1)
(1.28125 1 1)
(1.2875 1 1)
(1.29375 1 1)
(1.3 1 1)
(1.30625 1 1)
(1.3125 1 1)
(1.31875 1 1)
(1.325 1 1)
(1.33125 1 1)
(1.3375 1 1)
(1.34375 1 1)
(1.35 1 1)
(1.35625 1 1)
(1.3625 1 1)
(1.36875 1 1)
(1.375 1 1)
(1.38125 1 1)
(1.3875 1 1)
(1.39375 1 1)
(1.4 1 1)
(1.40625 1 1)
(1.4125 1 1)
(1.41875 1 1)
(1.425 1 1)
(1.43125 1 1)
(1.4375 1 1)
(1.44375 1 1)
(1.45 1 1)
(1.45625 1 1)
(1.4625 1 1)
(1.46875 1 1)
(1.475 1 1)
(1.48125 1 1)
(1.4875 1 1)
(1.49375 1 1)
(1.5 1 1)
(1.50625 1 1)
(1.5125 1 1)
(1.51875 1 1)
(1.525 1 1)
(1.53125 1 1)
(1.5375 1 1)
(1.54375 1 1)
(1.55 1 1)
(1.55625 1 1)
(1.5625 1 1)
(1.56875 1 1)
(1.575 1 1)
(1.58125 1 1)
(1.5875 1 1)
(1.59375 1 1)
(1.6 1 1)
(1.60625 1 1)
(1.6125 1 1)
(1.61875 1 1)
(1.625 1 1)
(1.63125 1 1)
(1.6375 1 1)
(1.64375 1 1)
(1.65 1 1)
(1.65625 1 1)
(1.6625 1 1)
(1.66875 1 1)
(1.675 1 1)
(1.68125 1 1)
(1.6875 1 1)
(1.69375 1 1)
(1.7 1 1)
(1.70625 1 1)
(1.7125 1 1)
(1.71875 1 1)
(1.725 1 1)
(1.73125 1 1)
(1.7375 1 1)
(1.74375 1 1)
(1.75 1 1)
(1.75625 1 1)
(1.7625 1 1)
(1.76875 1 1)
(1.775 1 1)
(1.78125 1 1)
(1.7875 1 1)
(1.79375 1 1)
(1.8 1 1)
(1.80625 1 1)
(1.8125 1 1)
(1.81875 1 1)
(1.825 1 1)
(1.83125 1 1)
(1.8375 1 1)
(1.84375 1 1)
(1.85 1 1)
(1.85625 1 1)
(1.8625 1 1)
(1.86875 1 1)
(1.875 1 1)
(1.88125 1 1)
(1.8875 1 1)
(1.89375 1 1)
(1.9 1 1)
(1.90625 1 1)
(1.9125 1 1)
(1.91875 1 1)
(1.925 1 1)
(1.93125 1 1)
(1.9375 1 1)
(1.94375 1 1)
(1.95 1 1)
(1.95625 1 1)
(1.9625 1 1)
(1.96875 1 1)
(1.975 1 1)
(1.98125 1 1)
(1.9875 1 1)
(1.99375 1 1)
(2 1 1)
(2.00625 1 1)
(2.0125 1 1)
(2.01875 1 1)
(2.025 1 1)
(2.03125 1 1)
(2.0375 1 1)
(2.04375 1 1)
(2.05 1 1)
(2.05625 1 1)
(2.0625 1 1)
(2.06875 1 1)
(2.075 1 1)
(2.08125 1 1)
(2.0875 1 1)
(2.09375 1 1)
(2.1 1 1)
(2.10625 1 1)
(2.1125 1 1)
(2.11875 1 1)
(2.125 1 1)
(2.13125 1 1)
(2.1375 1 1)
(2.14375 1 1)
(2.15 1 1)
(2.15625 1 1)
(2.1625 1 1)
(2.16875 1 1)
(2.175 1 1)
(2.18125 1 1)
(2.1875 1 1)
(2.19375 1 1)
(2.2 1 1)
(2.20625 1 1)
(2.2125 1 1)
(2.21875 1 1)
(2.225 1 1)
(2.23125 1 1)
(2.2375 1 1)
(2.24375 1 1)
(2.25 1 1)
(2.25625 1 1)
(2.2625 1 1)
(2.26875 1 1)
(2.275 1 1)
(2.28125 1 1)
(2.2875 1 1)
(2.29375 1 1)
(2.3 1 1)
(2.30625 1 1)
(2.3125 1 1)
(2.31875 1 1)
(2.325 1 1)
(2.33125 1 1)
(2.3375 1 1)
(2.34375 1 1)
(2.35 1 1)
(2.35625 1 1)
(2.3625 1 1)
(2.36875 1 1)
(2.375 1 1)
(2.38125 1 1)
(2.3875 1 1)
(2.39375 1 1)
(2.4 1 1)
(2.40625 1 1)
(2.4125 1 1)
(2.41875 1 1)
(2.425 1 1)
(2.43125 1 1)
(2.4375 1 1)
(2.44375 1 1)
(2.45 1 1)
(2.45625 1 1)
(2.4625 1 1)
(2.46875 1 1)
(2.475 1 1)
(2.48125 1 1)
(2.4875 1 1)
(2.49375 1 1)
(2.5 1 1)
(2.50625 1 1)
(2.5125 1 1)
(2.51875 1 1)
(2.525 1 1)
(2.53125 1 1)
(2.5375 1 1)
(2.54375 1 1)
(2.55 1 1)
(2.55625 1 1)
(2.5625 1 1)
(2.56875 1 1)
(2.575 1 1)
(2.58125 1 1)
(2.5875 1 1)
(2.59375 1 1)
(2.6 1 1)
(2.60625 1 1)
(2.6125 1 1)
(2.61875 1 1)
(2.625 1 1)
(2.63125 1 1)
(2.6375 1 1)
(2.64375 1 1)
(2.65 1 1)
(2.65625 1 1)
(2.6625 1 1)
(2.66875 1 1)
(2.675 1 1)
(2.68125 1 1)
(2.6875 1 1)
(2.69375 1 1)
(2.7 1 1)
(2.70625 1 1)
(2.7125 1 1)
(2.71875 1 1)
(2.725 1 1)
(2.73125 1 1)
(2.7375 1 1)
(2.74375 1 1)
(2.75 1 1)
(2.75625 1 1)
(2.7625 1 1)
(2.76875 1 1)
(2.775 1 1)
(2.78125 1 1)
(2.7875 1 1)
(2.79375 1 1)
(2.8 1 1)
(2.80625 1 1)
(2.8125 1 1)
(2.81875 1 1)
(2.825 1 1)
(2.83125 1 1)
(2.8375 1 1)
(2.84375 1 1)
(2.85 1 1)
(2.85625 1 1)
(2.8625 1 1)
(2.86875 1 1)
(2.875 1 1)
(2.88125 1 1)
(2.8875 1 1)
(2.89375 1 1)
(2.9 1 1)
(2.90625 1 1)
(2.9125 1 1)
(2.91875 1 1)
(2.925 1 1)
(2.93125 1 1)
(2.9375 1 1)
(2.94375 1 1)
(2.95 1 1)
(2.95625 1 1)
(2.9625 1 1)
(2.96875 1 1)
(2.975 1 1)
(2.98125 1 1)
(2.9875 1 1)
(2.99375 1 1)
(3 1 1)
(3.00625 1 1)
(3.0125 1 1)
(3.01875 1 1)
(3.025 1 1)
(3.03125 1 1)
(3.0375 1 1)
(3.04375 1 1)
(3.05 1 1)
(3.05625 1 1)
(3.0625 1 1)
(3.06875 1 1)
(3.075 1 1)
(3.08125 1 1)
(3.0875 1 1)
(3.09375 1 1)
(3.1 1 1)
(3.10625 1 1)
(3.1125 1 1)
(3.11875 1 1)
(3.125 1 1)
(3.13125 1 1)
(3.1375 1 1)
(3.14375 1 1)
(3.15 1 1)
(3.15625 1 1)
(3.1625 1 1)
(3.16875 1 1)
(3.175 1 1)
(3.18125 1 1)
(3.1875 1 1)
(3.19375 1 1)
(3.2 1 1)
(3.20625 1 1)
(3.2125 1 1)
(3.21875 1 1)
(3.225 1 1)
(3.23125 1 1)
(3.2375 1 1)
(3.24375 1 1)
(3.25 1 1)
(3.25625 1 1)
(3.2625 1 1)
(3.26875 1 1)
(3.275 1 1)
(3.28125 1 1)
(3.2875 1 1)
(3.29375 1 1)
(3.3 1 1)
(3.30625 1 1)
(3.3125 1 1)
(3.31875 1 1)
(3.325 1 1)
(3.33125 1 1)
(3.3375 1 1)
(3.34375 1 1)
(3.35 1 1)
(3.35625 1 1)
(3.3625 1 1)
(3.36875 1 1)
(3.375 1 1)
(3.38125 1 1)
(3.3875 1 1)
(3.39375 1 1)
(3.4 1 1)
(3.40625 1 1)
(3.4125 1 1)
(3.41875 1 1)
(3.425 1 1)
(3.43125 1 1)
(3.4375 1 1)
(3.44375 1 1)
(3.45 1 1)
(3.45625 1 1)
(3.4625 1 1)
(3.46875 1 1)
(3.475 1 1)
(3.48125 1 1)
(3.4875 1 1)
(3.49375 1 1)
(3.5 1 1)
(3.50625 1 1)
(3.5125 1 1)
(3.51875 1 1)
(3.525 1 1)
(3.53125 1 1)
(3.5375 1 1)
(3.54375 1 1)
(3.55 1 1)
(3.55625 1 1)
(3.5625 1 1)
(3.56875 1 1)
(3.575 1 1)
(3.58125 1 1)
(3.5875 1 1)
(3.59375 1 1)
(3.6 1 1)
(3.60625 1 1)
(3.6125 1 1)
(3.61875 1 1)
(3.625 1 1)
(3.63125 1 1)
(3.6375 1 1)
(3.64375 1 1)
(3.65 1 1)
(3.65625 1 1)
(3.6625 1 1)
(3.66875 1 1)
(3.675 1 1)
(3.68125 1 1)
(3.6875 1 1)
(3.69375 1 1)
(3.7 1 1)
(3.70625 1 1)
(3.7125 1 1)
(3.71875 1 1)
(3.725 1 1)
(3.73125 1 1)
(3.7375 1 1)
(3.74375 1 1)
(3.75 1 1)
(3.75625 1 1)
(3.7625 1 1)
(3.76875 1 1)
(3.775 1 1)
(3.78125 1 1)
(3.7875 1 1)
(3.79375 1 1)
(3.8 1 1)
(3.80625 1 1)
(3.8125 1 1)
(3.81875 1 1)
(3.825 1 1)
(3.83125 1 1)
(3.8375 1 1)
(3.84375 1 1)
(3.85 1 1)
(3.85625 1 1)
(3.8625 1 1)
(3.86875 1 1)
(3.875 1 1)
(3.88125 1 1)
(3.8875 1 1)
(3.89375 1 1)
(3.9 1 1)
(3.90625 1 1)
(3.9125 1 1)
(3.91875 1 1)
(3.925 1 1)
(3.93125 1 1)
(3.9375 1 1)
(3.94375 1 1)
(3.95 1 1)
(3.95625 1 1)
(3.9625 1 1)
(3.96875 1 1)
(3.975 1 1)
(3.98125 1 1)
(3.9875 1 1)
(3.99375 1 1)
(4 1 1)
(4.00625 1 1)
(4.0125 1 1)
(4.01875 1 1)
(4.025 1 1)
(4.03125 1 1)
(4.0375 1 1)
(4.04375 1 1)
(4.05 1 1)
(4.05625 1 1)
(4.0625 1 1)
(4.06875 1 1)
(4.075 1 1)
(4.08125 1 1)
(4.0875 1 1)
(4.09375 1 1)
(4.1 1 1)
(4.10625 1 1)
(4.1125 1 1)
(4.11875 1 1)
(4.125 1 1)
(4.13125 1 1)
(4.1375 1 1)
(4.14375 1 1)
(4.15 1 1)
(4.15625 1 1)
(4.1625 1 1)
(4.16875 1 1)
(4.175 1 1)
(4.18125 1 1)
(4.1875 1 1)
(4.19375 1 1)
(4.2 1 1)
(4.20625 1 1)
(4.2125 1 1)
(4.21875 1 1)
(4.225 1 1)
(4.23125 1 1)
(4.2375 1 1)
(4.24375 1 1)
(4.25 1 1)
(4.25625 1 1)
(4.2625 1 1)
(4.26875 1 1)
(4.275 1 1)
(4.28125 1 1)
(4.2875 1 1)
(4.29375 1 1)
(4.3 1 1)
(4.30625 1 1)
(4.3125 1 1)
(4.31875 1 1)
(4.325 1 1)
(4.33125 1 1)
(4.3375 1 1)
(4.34375 1 1)
(4.35 1 1)
(4.35625 1 1)
(4.3625 1 1)
(4.36875 1 1)
(4.375 1 1)
(4.38125 1 1)
(4.3875 1 1)
(4.39375 1 1)
(4.4 1 1)
(4.40625 1 1)
(4.4125 1 1)
(4.41875 1 1)
(4.425 1 1)
(4.43125 1 1)
(4.4375 1 1)
(4.44375 1 1)
(4.45 1 1)
(4.45625 1 1)
(4.4625 1 1)
(4.46875 1 1)
(4.475 1 1)
(4.48125 1 1)
(4.4875 1 1)
(4.49375 1 1)
(4.5 1 1)
(4.50625 1 1)
(4.5125 1 1)
(4.51875 1 1)
(4.525 1 1)
(4.53125 1 1)
(4.5375 1 1)
(4.54375 1 1)
(4.55 1 1)
(4.55625 1 1)
(4.5625 1 1)
(4.56875 1 1)
(4.575 1 1)
(4.58125 1 1)
(4.5875 1 1)
(4.59375 1 1)
(4.6 1 1)
(4.60625 1 1)
(4.6125 1 1)
(4.61875 1 1)
(4.625 1 1)
(4.63125 1 1)
(4.6375 1 1)
(4.64375 1 1)
(4.65 1 1)
(4.65625 1 1)
(4.6625 1 1)
(4.66875 1 1)
(4.675 1 1)
(4.68125 1 1)
(4.6875 1 1)
(4.69375 1 1)
(4.7 1 1)
(4.70625 1 1)
(4.7125 1 1)
(4.71875 1 1)
(4.725 1 1)
(4.73125 1 1)
(4.7375 1 1)
(4.74375 1 1)
(4.75 1 1)
(4.75625 1 1)
(4.7625 1 1)
(4.76875 1 1)
(4.775 1 1)
(4.78125 1 1)
(4.7875 1 1)
(4.79375 1 1)
(4.8 1 1)
(4.80625 1 1)
(4.8125 1 1)
(4.81875 1 1)
(4.825 1 1)
(4.83125 1 1)
(4.8375 1 1)
(4.84375 1 1)
(4.85 1 1)
(4.85625 1 1)
(4.8625 1 1)
(4.86875 1 1)
(4.875 1 1)
(4.88125 1 1)
(4.8875 1 1)
(4.89375 1 1)
(4.9 1 1)
(4.90625 1 1)
(4.9125 1 1)
(4.91875 1 1)
(4.925 1 1)
(4.93125 1 1)
(4.9375 1 1)
(4.94375 1 1)
(4.95 1 1)
(4.95625 1 1)
(4.9625 1 1)
(4.96875 1 1)
(4.975 1 1)
(4.98125 1 1)
(4.9875 1 1)
(4.99375 1 1)
(5 1 1)
(5.00625 1 1)
(5.0125 1 1)
(5.01875 1 1)
(5.025 1 1)
(5.03125 1 1)
(5.0375 1 1)
(5.04375 1 1)
(5.05 1 1)
(5.05625 1 1)
(5.0625 1 1)
(5.06875 1 1)
(5.075 1 1)
(5.08125 1 1)
(5.0875 1 1)
(5.09375 1 1)
(5.1 1 1)
(5.10625 1 1)
(5.1125 1 1)
(5.11875 1 1)
(5.125 1 1)
(5.13125 1 1)
(5.1375 1 1)
(5.14375 1 1)
(5.15 1 1)
(5.15625 1 1)
(5.1625 1 1)
(5.16875 1 1)
(5.175 1 1)
(5.18125 1 1)
(5.1875 1 1)
(5.19375 1 1)
(5.2 1 1)
(5.20625 1 1)
(5.2125 1 1)
(5.21875 1 1)
(5.225 1 1)
(5.23125 1 1)
(5.2375 1 1)
(5.24375 1 1)
(5.25 1 1)
(5.25625 1 1)
(5.2625 1 1)
(5.26875 1 1)
(5.275 1 1)
(5.28125 1 1)
(5.2875 1 1)
(5.29375 1 1)
(5.3 1 1)
(5.30625 1 1)
(5.3125 1 1)
(5.31875 1 1)
(5.325 1 1)
(5.33125 1 1)
(5.3375 1 1)
(5.34375 1 1)
(5.35 1 1)
(5.35625 1 1)
(5.3625 1 1)
(5.36875 1 1)
(5.375 1 1)
(5.38125 1 1)
(5.3875 1 1)
(5.39375 1 1)
(5.4 1 1)
(5.40625 1 1)
(5.4125 1 1)
(5.41875 1 1)
(5.425 1 1)
(5.43125 1 1)
(5.4375 1 1)
(5.44375 1 1)
(5.45 1 1)
(5.45625 1 1)
(5.4625 1 1)
(5.46875 1 1)
(5.475 1 1)
(5.48125 1 1)
(5.4875 1 1)
(5.49375 1 1)
(5.5 1 1)
(5.50625 1 1)
(5.5125 1 1)
(5.51875 1 1)
(5.525 1 1)
(5.53125 1 1)
(5.5375 1 1)
(5.54375 1 1)
(5.55 1 1)
(5.55625 1 1)
(5.5625 1 1)
(5.56875 1 1)
(5.575 1 1)
(5.58125 1 1)
(5.5875 1 1)
(5.59375 1 1)
(5.6 1 1)
(5.60625 1 1)
(5.6125 1 1)
(5.61875 1 1)
(5.625 1 1)
(5.63125 1 1)
(5.6375 1 1)
(5.64375 1 1)
(5.65 1 1)
(5.65625 1 1)
(5.6625 1 1)
(5.66875 1 1)
(5.675 1 1)
(5.68125 1 1)
(5.6875 1 1)
(5.69375 1 1)
(5.7 1 1)
(5.70625 1 1)
(5.7125 1 1)
(5.71875 1 1)
(5.725 1 1)
(5.73125 1 1)
(5.7375 1 1)
(5.74375 1 1)
(5.75 1 1)
(5.75625 1 1)
(5.7625 1 1)
(5.76875 1 1)
(5.775 1 1)
(5.78125 1 1)
(5.7875 1 1)
(5.79375 1 1)
(5.8 1 1)
(5.80625 1 1)
(5.8125 1 1)
(5.81875 1 1)
(5.825 1 1)
(5.83125 1 1)
(5.8375 1 1)
(5.84375 1 1)
(5.85 1 1)
(5.85625 1 1)
(5.8625 1 1)
(5.86875 1 1)
(5.875 1 1)
(5.88125 1 1)
(5.8875 1 1)
(5.89375 1 1)
(5.9 1 1)
(5.90625 1 1)
(5.9125 1 1)
(5.91875 1 1)
(5.925 1 1)
(5.93125 1 1)
(5.9375 1 1)
(5.94375 1 1)
(5.95 1 1)
(5.95625 1 1)
(5.9625 1 1)
(5.96875 1 1)
(5.975 1 1)
(5.98125 1 1)
(5.9875 1 1)
(5.99375 1 1)
(6 1 1)
(6.00625 1 1)
(6.0125 1 1)
(6.01875 1 1)
(6.025 1 1)
(6.03125 1 1)
(6.0375 1 1)
(6.04375 1 1)
(6.05 1 1)
(6.05625 1 1)
(6.0625 1 1)
(6.06875 1 1)
(6.075 1 1)
(6.08125 1 1)
(6.0875 1 1)
(6.09375 1 1)
(6.1 1 1)
(6.10625 1 1)
(6.1125 1 1)
(6.11875 1 1)
(6.125 1 1)
(6.13125 1 1)
(6.1375 1 1)
(6.14375 1 1)
(6.15 1 1)
(6.15625 1 1)
(6.1625 1 1)
(6.16875 1 1)
(6.175 1 1)
(6.18125 1 1)
(6.1875 1 1)
(6.19375 1 1)
(6.2 1 1)
(6.20625 1 1)
(6.2125 1 1)
(6.21875 1 1)
(6.225 1 1)
(6.23125 1 1)
(6.2375 1 1)
(6.24375 1 1)
(6.25 1 1)
(6.25625 1 1)
(6.2625 1 1)
(6.26875 1 1)
(6.275 1 1)
(6.28125 1 1)
(6.2875 1 1)
(6.29375 1 1)
(6.3 1 1)
(6.30625 1 1)
(6.3125 1 1)
(6.31875 1 1)
(6.325 1 1)
(6.33125 1 1)
(6.3375 1 1)
(6.34375 1 1)
(6.35 1 1)
(6.35625 1 1)
(6.3625 1 1)
(6.36875 1 1)
(6.375 1 1)
(6.38125 1 1)
(6.3875 1 1)
(6.39375 1 1)
(6.4 1 1)
(6.40625 1 1)
(6.4125 1 1)
(6.41875 1 1)
(6.425 1 1)
(6.43125 1 1)
(6.4375 1 1)
(6.44375 1 1)
(6.45 1 1)
(6.45625 1 1)
(6.4625 1 1)
(6.46875 1 1)
(6.475 1 1)
(6.48125 1 1)
(6.4875 1 1)
(6.49375 1 1)
(6.5 1 1)
(6.50625 1 1)
(6.5125 1 1)
(6.51875 1 1)
(6.525 1 1)
(6.53125 1 1)
(6.5375 1 1)
(6.54375 1 1)
(6.55 1 1)
(6.55625 1 1)
(6.5625 1 1)
(6.56875 1 1)
(6.575 1 1)
(6.58125 1 1)
(6.5875 1 1)
(6.59375 1 1)
(6.6 1 1)
(6.60625 1 1)
(6.6125 1 1)
(6.61875 1 1)
(6.625 1 1)
(6.63125 1 1)
(6.6375 1 1)
(6.64375 1 1)
(6.65 1 1)
(6.65625 1 1)
(6.6625 1 1)
(6.66875 1 1)
(6.675 1 1)
(6.68125 1 1)
(6.6875 1 1)
(6.69375 1 1)
(6.7 1 1)
(6.70625 1 1)
(6.7125 1 1)
(6.71875 1 1)
(6.725 1 1)
(6.73125 1 1)
(6.7375 1 1)
(6.74375 1 1)
(6.75 1 1)
(6.75625 1 1)
(6.7625 1 1)
(6.76875 1 1)
(6.775 1 1)
(6.78125 1 1)
(6.7875 1 1)
(6.79375 1 1)
(6.8 1 1)
(6.80625 1 1)
(6.8125 1 1)
(6.81875 1 1)
(6.825 1 1)
(6.83125 1 1)
(6.8375 1 1)
(6.84375 1 1)
(6.85 1 1)
(6.85625 1 1)
(6.8625 1 1)
(6.86875 1 1)
(6.875 1 1)
(6.88125 1 1)
(6.8875 1 1)
(6.89375 1 1)
(6.9 1 1)
(6.90625 1 1)
(6.9125 1 1)
(6.91875 1 1)
(6.925 1 1)
(6.93125 1 1)
(6.9375 1 1)
(6.94375 1 1)
(6.95 1 1)
(6.95625 1 1)
(6.9625 1 1)
(6.96875 1 1)
(6.975 1 1)
(6.98125 1 1)
(6.9875 1 1)
(6.99375 1 1)
(7 1 1)
(7.00625 1 1)
(7.0125 1 1)
(7.01875 1 1)
(7.025 1 1)
(7.03125 1 1)
(7.0375 1 1)
(7.04375 1 1)
(7.05 1 1)
(7.05625 1 1)
(7.0625 1 1)
(7.06875 1 1)
(7.075 1 1)
(7.08125 1 1)
(7.0875 1 1)
(7.09375 1 1)
(7.1 1 1)
(7.10625 1 1)
(7.1125 1 1)
(7.11875 1 1)
(7.125 1 1)
(7.13125 1 1)
(7.1375 1 1)
(7.14375 1 1)
(7.15 1 1)
(7.15625 1 1)
(7.1625 1 1)
(7.16875 1 1)
(7.175 1 1)
(7.18125 1 1)
(7.1875 1 1)
(7.19375 1 1)
(7.2 1 1)
(7.20625 1 1)
(7.2125 1 1)
(7.21875 1 1)
(7.225 1 1)
(7.23125 1 1)
(7.2375 1 1)
(7.24375 1 1)
(7.25 1 1)
(7.25625 1 1)
(7.2625 1 1)
(7.26875 1 1)
(7.275 1 1)
(7.28125 1 1)
(7.2875 1 1)
(7.29375 1 1)
(7.3 1 1)
(7.30625 1 1)
(7.3125 1 1)
(7.31875 1 1)
(7.325 1 1)
(7.33125 1 1)
(7.3375 1 1)
(7.34375 1 1)
(7.35 1 1)
(7.35625 1 1)
(7.3625 1 1)
(7.36875 1 1)
(7.375 1 1)
(7.38125 1 1)
(7.3875 1 1)
(7.39375 1 1)
(7.4 1 1)
(7.40625 1 1)
(7.4125 1 1)
(7.41875 1 1)
(7.425 1 1)
(7.43125 1 1)
(7.4375 1 1)
(7.44375 1 1)
(7.45 1 1)
(7.45625 1 1)
(7.4625 1 1)
(7.46875 1 1)
(7.475 1 1)
(7.48125 1 1)
(7.4875 1 1)
(7.49375 1 1)
(7.5 1 1)
(7.50625 1 1)
(7.5125 1 1)
(7.51875 1 1)
(7.525 1 1)
(7.53125 1 1)
(7.5375 1 1)
(7.54375 1 1)
(7.55 1 1)
(7.55625 1 1)
(7.5625 1 1)
(7.56875 1 1)
(7.575 1 1)
(7.58125 1 1)
(7.5875 1 1)
(7.59375 1 1)
(7.6 1 1)
(7.60625 1 1)
(7.6125 1 1)
(7.61875 1 1)
(7.625 1 1)
(7.63125 1 1)
(7.6375 1 1)
(7.64375 1 1)
(7.65 1 1)
(7.65625 1 1)
(7.6625 1 1)
(7.66875 1 1)
(7.675 1 1)
(7.68125 1 1)
(7.6875 1 1)
(7.69375 1 1)
(7.7 1 1)
(7.70625 1 1)
(7.7125 1 1)
(7.71875 1 1)
(7.725 1 1)
(7.73125 1 1)
(7.7375 1 1)
(7.74375 1 1)
(7.75 1 1)
(7.75625 1 1)
(7.7625 1 1)
(7.76875 1 1)
(7.775 1 1)
(7.78125 1 1)
(7.7875 1 1)
(7.79375 1 1)
(7.8 1 1)
(7.80625 1 1)
(7.8125 1 1)
(7.81875 1 1)
(7.825 1 1)
(7.83125 1 1)
(7.8375 1 1)
(7.84375 1 1)
(7.85 1 1)
(7.85625 1 1)
(7.8625 1 1)
(7.86875 1 1)
(7.875 1 1)
(7.88125 1 1)
(7.8875 1 1)
(7.89375 1 1)
(7.9 1 1)
(7.90625 1 1)
(7.9125 1 1)
(7.91875 1 1)
(7.925 1 1)
(7.93125 1 1)
(7.9375 1 1)
(7.94375 1 1)
(7.95 1 1)
(7.95625 1 1)
(7.9625 1 1)
(7.96875 1 1)
(7.975 1 1)
(7.98125 1 1)
(7.9875 1 1)
(7.99375 1 1)
(8 1 1)
(8.00625 1 1)
(8.0125 1 1)
(8.01875 1 1)
(8.025 1 1)
(8.03125 1 1)
(8.0375 1 1)
(8.04375 1 1)
(8.05 1 1)
(8.05625 1 1)
(8.0625 1 1)
(8.06875 1 1)
(8.075 1 1)
(8.08125 1 1)
(8.0875 1 1)
(8.09375 1 1)
(8.1 1 1)
(8.10625 1 1)
(8.1125 1 1)
(8.11875 1 1)
(8.125 1 1)
(8.13125 1 1)
(8.1375 1 1)
(8.14375 1 1)
(8.15 1 1)
(8.15625 1 1)
(8.1625 1 1)
(8.16875 1 1)
(8.175 1 1)
(8.18125 1 1)
(8.1875 1 1)
(8.19375 1 1)
(8.2 1 1)
(8.20625 1 1)
(8.2125 1 1)
(8.21875 1 1)
(8.225 1 1)
(8.23125 1 1)
(8.2375 1 1)
(8.24375 1 1)
(8.25 1 1)
(8.25625 1 1)
(8.2625 1 1)
(8.26875 1 1)
(8.275 1 1)
(8.28125 1 1)
(8.2875 1 1)
(8.29375 1 1)
(8.3 1 1)
(8.30625 1 1)
(8.3125 1 1)
(8.31875 1 1)
(8.325 1 1)
(8.33125 1 1)
(8.3375 1 1)
(8.34375 1 1)
(8.35 1 1)
(8.35625 1 1)
(8.3625 1 1)
(8.36875 1 1)
(8.375 1 1)
(8.38125 1 1)
(8.3875 1 1)
(8.39375 1 1)
(8.4 1 1)
(8.40625 1 1)
(8.4125 1 1)
(8.41875 1 1)
(8.425 1 1)
(8.43125 1 1)
(8.4375 1 1)
(8.44375 1 1)
(8.45 1 1)
(8.45625 1 1)
(8.4625 1 1)
(8.46875 1 1)
(8.475 1 1)
(8.48125 1 1)
(8.4875 1 1)
(8.49375 1 1)
(8.5 1 1)
(8.50625 1 1)
(8.5125 1 1)
(8.51875 1 1)
(8.525 1 1)
(8.53125 1 1)
(8.5375 1 1)
(8.54375 1 1)
(8.55 1 1)
(8.55625 1 1)
(8.5625 1 1)
(8.56875 1 1)
(8.575 1 1)
(8.58125 1 1)
(8.5875 1 1)
(8.59375 1 1)
(8.6 1 1)
(8.60625 1 1)
(8.6125 1 1)
(8.61875 1 1)
(8.625 1 1)
(8.63125 1 1)
(8.6375 1 1)
(8.64375 1 1)
(8.65 1 1)
(8.65625 1 1)
(8.6625 1 1)
(8.66875 1 1)
(8.675 1 1)
(8.68125 1 1)
(8.6875 1 1)
(8.69375 1 1)
(8.7 1 1)
(8.70625 1 1)
(8.7125 1 1)
(8.71875 1 1)
(8.725 1 1)
(8.73125 1 1)
(8.7375 1 1)
(8.74375 1 1)
(8.75 1 1)
(8.75625 1 1)
(8.7625 1 1)
(8.76875 1 1)
(8.775 1 1)
(8.78125 1 1)
(8.7875 1 1)
(8.79375 1 1)
(8.8 1 1)
(8.80625 1 1)
(8.8125 1 1)
(8.81875 1 1)
(8.825 1 1)
(8.83125 1 1)
(8.8375 1 1)
(8.84375 1 1)
(8.85 1 1)
(8.85625 1 1)
(8.8625 1 1)
(8.86875 1 1)
(8.875 1 1)
(8.88125 1 1)
(8.8875 1 1)
(8.89375 1 1)
(8.9 1 1)
(8.90625 1 1)
(8.9125 1 1)
(8.91875 1 1)
(8.925 1 1)
(8.93125 1 1)
(8.9375 1 1)
(8.94375 1 1)
(8.95 1 1)
(8.95625 1 1)
(8.9625 1 1)
(8.96875 1 1)
(8.975 1 1)
(8.98125 1 1)
(8.9875 1 1)
(8.99375 1 1)
(9 1 1)
(9.00625 1 1)
(9.0125 1 1)
(9.01875 1 1)
(9.025 1 1)
(9.03125 1 1)
(9.0375 1 1)
(9.04375 1 1)
(9.05 1 1)
(9.05625 1 1)
(9.0625 1 1)
(9.06875 1 1)
(9.075 1 1)
(9.08125 1 1)
(9.0875 1 1)
(9.09375 1 1)
(9.1 1 1)
(9.10625 1 1)
(9.1125 1 1)
(9.11875 1 1)
(9.125 1 1)
(9.13125 1 1)
(9.1375 1 1)
(9.14375 1 1)
(9.15 1 1)
(9.15625 1 1)
(9.1625 1 1)
(9.16875 1 1)
(9.175 1 1)
(9.18125 1 1)
(9.1875 1 1)
(9.19375 1 1)
(9.2 1 1)
(9.20625 1 1)
(9.2125 1 1)
(9.21875 1 1)
(9.225 1 1)
(9.23125 1 1)
(9.2375 1 1)
(9.24375 1 1)
(9.25 1 1)
(9.25625 1 1)
(9.2625 1 1)
(9.26875 1 1)
(9.275 1 1)
(9.28125 1 1)
(9.2875 1 1)
(9.29375 1 1)
(9.3 1 1)
(9.30625 1 1)
(9.3125 1 1)
(9.31875 1 1)
(9.325 1 1)
(9.33125 1 1)
(9.3375 1 1)
(9.34375 1 1)
(9.35 1 1)
(9.35625 1 1)
(9.3625 1 1)
(9.36875 1 1)
(9.375 1 1)
(9.38125 1 1)
(9.3875 1 1)
(9.39375 1 1)
(9.4 1 1)
(9.40625 1 1)
(9.4125 1 1)
(9.41875 1 1)
(9.425 1 1)
(9.43125 1 1)
(9.4375 1 1)
(9.44375 1 1)
(9.45 1 1)
(9.45625 1 1)
(9.4625 1 1)
(9.46875 1 1)
(9.475 1 1)
(9.48125 1 1)
(9.4875 1 1)
(9.49375 1 1)
(9.5 1 1)
(9.50625 1 1)
(9.5125 1 1)
(9.51875 1 1)
(9.525 1 1)
(9.53125 1 1)
(9.5375 1 1)
(9.54375 1 1)
(9.55 1 1)
(9.55625 1 1)
(9.5625 1 1)
(9.56875 1 1)
(9.575 1 1)
(9.58125 1 1)
(9.5875 1 1)
(9.59375 1 1)
(9.6 1 1)
(9.60625 1 1)
(9.6125 1 1)
(9.61875 1 1)
(9.625 1 1)
(9.63125 1 1)
(9.6375 1 1)
(9.64375 1 1)
(9.65 1 1)
(9.65625 1 1)
(9.6625 1 1)
(9.66875 1 1)
(9.675 1 1)
(9.68125 1 1)
(9.6875 1 1)
(9.69375 1 1)
(9.7 1 1)
(9.70625 1 1)
(9.7125 1 1)
(9.71875 1 1)
(9.725 1 1)
(9.73125 1 1)
(9.7375 1 1)
(9.74375 1 1)
(9.75 1 1)
(9.75625 1 1)
(9.7625 1 1)
(9.76875 1 1)
(9.775 1 1)
(9.78125 1 1)
(9.7875 1 1)
(9.79375 1 1)
(9.8 1 1)
(9.80625 1 1)
(9.8125 1 1)
(9.81875 1 1)
(9.825 1 1)
(9.83125 1 1)
(9.8375 1 1)
(9.84375 1 1)
(9.85 1 1)
(9.85625 1 1)
(9.8625 1 1)
(9.86875 1 1)
(9.875 1 1)
(9.88125 1 1)
(9.8875 1 1)
(9.89375 1 1)
(9.9 1 1)
(9.90625 1 1)
(9.9125 1 1)
(9.91875 1 1)
(9.925 1 1)
(9.93125 1 1)
(9.9375 1 1)
(9.94375 1 1)
(9.95 1 1)
(9.95625 1 1)
(9.9625 1 1)
(9.96875 1 1)
(9.975 1 1)
(9.98125 1 1)
(9.9875 1 1)
(9.99375 1 1)
(10 1 1)
)


// ************************************************************************* //
