/*--------------------------------*- C++ -*----------------------------------*\
  =========                 |
  \\      /  F ield         | OpenFOAM: The Open Source CFD Toolbox
   \\    /   O peration     | Website:  https://openfoam.org
    \\  /    A nd           | Version:  13
     \\/     M anipulation  |
\*---------------------------------------------------------------------------*/
FoamFile
{
    format      ascii;
    class       vectorField;
    location    "constant/polyMesh";
    object      points;
}
// * * * * * * * * * * * * * * * * * * * * * * * * * * * * * * * * * * * * * //


1604
(
(0 0 0)
(0.025 0 0)
(0.05 0 0)
(0.075 0 0)
(0.1 0 0)
(0.125 0 0)
(0.15 0 0)
(0.175 0 0)
(0.2 0 0)
(0.225 0 0)
(0.25 0 0)
(0.275 0 0)
(0.3 0 0)
(0.325 0 0)
(0.35 0 0)
(0.375 0 0)
(0.4 0 0)
(0.425 0 0)
(0.45 0 0)
(0.475 0 0)
(0.5 0 0)
(0.525 0 0)
(0.55 0 0)
(0.575 0 0)
(0.6 0 0)
(0.625 0 0)
(0.65 0 0)
(0.675 0 0)
(0.7 0 0)
(0.725 0 0)
(0.75 0 0)
(0.775 0 0)
(0.8 0 0)
(0.825 0 0)
(0.85 0 0)
(0.875 0 0)
(0.9 0 0)
(0.925 0 0)
(0.95 0 0)
(0.975 0 0)
(1 0 0)
(1.025 0 0)
(1.05 0 0)
(1.075 0 0)
(1.1 0 0)
(1.125 0 0)
(1.15 0 0)
(1.175 0 0)
(1.2 0 0)
(1.225 0 0)
(1.25 0 0)
(1.275 0 0)
(1.3 0 0)
(1.325 0 0)
(1.35 0 0)
(1.375 0 0)
(1.4 0 0)
(1.425 0 0)
(1.45 0 0)
(1.475 0 0)
(1.5 0 0)
(1.525 0 0)
(1.55 0 0)
(1.575 0 0)
(1.6 0 0)
(1.625 0 0)
(1.65 0 0)
(1.675 0 0)
(1.7 0 0)
(1.725 0 0)
(1.75 0 0)
(1.775 0 0)
(1.8 0 0)
(1.825 0 0)
(1.85 0 0)
(1.875 0 0)
(1.9 0 0)
(1.925 0 0)
(1.95 0 0)
(1.975 0 0)
(2 0 0)
(2.025 0 0)
(2.05 0 0)
(2.075 0 0)
(2.1 0 0)
(2.125 0 0)
(2.15 0 0)
(2.175 0 0)
(2.2 0 0)
(2.225 0 0)
(2.25 0 0)
(2.275 0 0)
(2.3 0 0)
(2.325 0 0)
(2.35 0 0)
(2.375 0 0)
(2.4 0 0)
(2.425 0 0)
(2.45 0 0)
(2.475 0 0)
(2.5 0 0)
(2.525 0 0)
(2.55 0 0)
(2.575 0 0)
(2.6 0 0)
(2.625 0 0)
(2.65 0 0)
(2.675 0 0)
(2.7 0 0)
(2.725 0 0)
(2.75 0 0)
(2.775 0 0)
(2.8 0 0)
(2.825 0 0)
(2.85 0 0)
(2.875 0 0)
(2.9 0 0)
(2.925 0 0)
(2.95 0 0)
(2.975 0 0)
(3 0 0)
(3.025 0 0)
(3.05 0 0)
(3.075 0 0)
(3.1 0 0)
(3.125 0 0)
(3.15 0 0)
(3.175 0 0)
(3.2 0 0)
(3.225 0 0)
(3.25 0 0)
(3.275 0 0)
(3.3 0 0)
(3.325 0 0)
(3.35 0 0)
(3.375 0 0)
(3.4 0 0)
(3.425 0 0)
(3.45 0 0)
(3.475 0 0)
(3.5 0 0)
(3.525 0 0)
(3.55 0 0)
(3.575 0 0)
(3.6 0 0)
(3.625 0 0)
(3.65 0 0)
(3.675 0 0)
(3.7 0 0)
(3.725 0 0)
(3.75 0 0)
(3.775 0 0)
(3.8 0 0)
(3.825 0 0)
(3.85 0 0)
(3.875 0 0)
(3.9 0 0)
(3.925 0 0)
(3.95 0 0)
(3.975 0 0)
(4 0 0)
(4.025 0 0)
(4.05 0 0)
(4.075 0 0)
(4.1 0 0)
(4.125 0 0)
(4.15 0 0)
(4.175 0 0)
(4.2 0 0)
(4.225 0 0)
(4.25 0 0)
(4.275 0 0)
(4.3 0 0)
(4.325 0 0)
(4.35 0 0)
(4.375 0 0)
(4.4 0 0)
(4.425 0 0)
(4.45 0 0)
(4.475 0 0)
(4.5 0 0)
(4.525 0 0)
(4.55 0 0)
(4.575 0 0)
(4.6 0 0)
(4.625 0 0)
(4.65 0 0)
(4.675 0 0)
(4.7 0 0)
(4.725 0 0)
(4.75 0 0)
(4.775 0 0)
(4.8 0 0)
(4.825 0 0)
(4.85 0 0)
(4.875 0 0)
(4.9 0 0)
(4.925 0 0)
(4.95 0 0)
(4.975 0 0)
(5 0 0)
(5.025 0 0)
(5.05 0 0)
(5.075 0 0)
(5.1 0 0)
(5.125 0 0)
(5.15 0 0)
(5.175 0 0)
(5.2 0 0)
(5.225 0 0)
(5.25 0 0)
(5.275 0 0)
(5.3 0 0)
(5.325 0 0)
(5.35 0 0)
(5.375 0 0)
(5.4 0 0)
(5.425 0 0)
(5.45 0 0)
(5.475 0 0)
(5.5 0 0)
(5.525 0 0)
(5.55 0 0)
(5.575 0 0)
(5.6 0 0)
(5.625 0 0)
(5.65 0 0)
(5.675 0 0)
(5.7 0 0)
(5.725 0 0)
(5.75 0 0)
(5.775 0 0)
(5.8 0 0)
(5.825 0 0)
(5.85 0 0)
(5.875 0 0)
(5.9 0 0)
(5.925 0 0)
(5.95 0 0)
(5.975 0 0)
(6 0 0)
(6.025 0 0)
(6.05 0 0)
(6.075 0 0)
(6.1 0 0)
(6.125 0 0)
(6.15 0 0)
(6.175 0 0)
(6.2 0 0)
(6.225 0 0)
(6.25 0 0)
(6.275 0 0)
(6.3 0 0)
(6.325 0 0)
(6.35 0 0)
(6.375 0 0)
(6.4 0 0)
(6.425 0 0)
(6.45 0 0)
(6.475 0 0)
(6.5 0 0)
(6.525 0 0)
(6.55 0 0)
(6.575 0 0)
(6.6 0 0)
(6.625 0 0)
(6.65 0 0)
(6.675 0 0)
(6.7 0 0)
(6.725 0 0)
(6.75 0 0)
(6.775 0 0)
(6.8 0 0)
(6.825 0 0)
(6.85 0 0)
(6.875 0 0)
(6.9 0 0)
(6.925 0 0)
(6.95 0 0)
(6.975 0 0)
(7 0 0)
(7.025 0 0)
(7.05 0 0)
(7.075 0 0)
(7.1 0 0)
(7.125 0 0)
(7.15 0 0)
(7.175 0 0)
(7.2 0 0)
(7.225 0 0)
(7.25 0 0)
(7.275 0 0)
(7.3 0 0)
(7.325 0 0)
(7.35 0 0)
(7.375 0 0)
(7.4 0 0)
(7.425 0 0)
(7.45 0 0)
(7.475 0 0)
(7.5 0 0)
(7.525 0 0)
(7.55 0 0)
(7.575 0 0)
(7.6 0 0)
(7.625 0 0)
(7.65 0 0)
(7.675 0 0)
(7.7 0 0)
(7.725 0 0)
(7.75 0 0)
(7.775 0 0)
(7.8 0 0)
(7.825 0 0)
(7.85 0 0)
(7.875 0 0)
(7.9 0 0)
(7.925 0 0)
(7.95 0 0)
(7.975 0 0)
(8 0 0)
(8.025 0 0)
(8.05 0 0)
(8.075 0 0)
(8.1 0 0)
(8.125 0 0)
(8.15 0 0)
(8.175 0 0)
(8.2 0 0)
(8.225 0 0)
(8.25 0 0)
(8.275 0 0)
(8.3 0 0)
(8.325 0 0)
(8.35 0 0)
(8.375 0 0)
(8.4 0 0)
(8.425 0 0)
(8.45 0 0)
(8.475 0 0)
(8.5 0 0)
(8.525 0 0)
(8.55 0 0)
(8.575 0 0)
(8.6 0 0)
(8.625 0 0)
(8.65 0 0)
(8.675 0 0)
(8.7 0 0)
(8.725 0 0)
(8.75 0 0)
(8.775 0 0)
(8.8 0 0)
(8.825 0 0)
(8.85 0 0)
(8.875 0 0)
(8.9 0 0)
(8.925 0 0)
(8.95 0 0)
(8.975 0 0)
(9 0 0)
(9.025 0 0)
(9.05 0 0)
(9.075 0 0)
(9.1 0 0)
(9.125 0 0)
(9.15 0 0)
(9.175 0 0)
(9.2 0 0)
(9.225 0 0)
(9.25 0 0)
(9.275 0 0)
(9.3 0 0)
(9.325 0 0)
(9.35 0 0)
(9.375 0 0)
(9.4 0 0)
(9.425 0 0)
(9.45 0 0)
(9.475 0 0)
(9.5 0 0)
(9.525 0 0)
(9.55 0 0)
(9.575 0 0)
(9.6 0 0)
(9.625 0 0)
(9.65 0 0)
(9.675 0 0)
(9.7 0 0)
(9.725 0 0)
(9.75 0 0)
(9.775 0 0)
(9.8 0 0)
(9.825 0 0)
(9.85 0 0)
(9.875 0 0)
(9.9 0 0)
(9.925 0 0)
(9.95 0 0)
(9.975 0 0)
(10 0 0)
(0 1 0)
(0.025 1 0)
(0.05 1 0)
(0.075 1 0)
(0.1 1 0)
(0.125 1 0)
(0.15 1 0)
(0.175 1 0)
(0.2 1 0)
(0.225 1 0)
(0.25 1 0)
(0.275 1 0)
(0.3 1 0)
(0.325 1 0)
(0.35 1 0)
(0.375 1 0)
(0.4 1 0)
(0.425 1 0)
(0.45 1 0)
(0.475 1 0)
(0.5 1 0)
(0.525 1 0)
(0.55 1 0)
(0.575 1 0)
(0.6 1 0)
(0.625 1 0)
(0.65 1 0)
(0.675 1 0)
(0.7 1 0)
(0.725 1 0)
(0.75 1 0)
(0.775 1 0)
(0.8 1 0)
(0.825 1 0)
(0.85 1 0)
(0.875 1 0)
(0.9 1 0)
(0.925 1 0)
(0.95 1 0)
(0.975 1 0)
(1 1 0)
(1.025 1 0)
(1.05 1 0)
(1.075 1 0)
(1.1 1 0)
(1.125 1 0)
(1.15 1 0)
(1.175 1 0)
(1.2 1 0)
(1.225 1 0)
(1.25 1 0)
(1.275 1 0)
(1.3 1 0)
(1.325 1 0)
(1.35 1 0)
(1.375 1 0)
(1.4 1 0)
(1.425 1 0)
(1.45 1 0)
(1.475 1 0)
(1.5 1 0)
(1.525 1 0)
(1.55 1 0)
(1.575 1 0)
(1.6 1 0)
(1.625 1 0)
(1.65 1 0)
(1.675 1 0)
(1.7 1 0)
(1.725 1 0)
(1.75 1 0)
(1.775 1 0)
(1.8 1 0)
(1.825 1 0)
(1.85 1 0)
(1.875 1 0)
(1.9 1 0)
(1.925 1 0)
(1.95 1 0)
(1.975 1 0)
(2 1 0)
(2.025 1 0)
(2.05 1 0)
(2.075 1 0)
(2.1 1 0)
(2.125 1 0)
(2.15 1 0)
(2.175 1 0)
(2.2 1 0)
(2.225 1 0)
(2.25 1 0)
(2.275 1 0)
(2.3 1 0)
(2.325 1 0)
(2.35 1 0)
(2.375 1 0)
(2.4 1 0)
(2.425 1 0)
(2.45 1 0)
(2.475 1 0)
(2.5 1 0)
(2.525 1 0)
(2.55 1 0)
(2.575 1 0)
(2.6 1 0)
(2.625 1 0)
(2.65 1 0)
(2.675 1 0)
(2.7 1 0)
(2.725 1 0)
(2.75 1 0)
(2.775 1 0)
(2.8 1 0)
(2.825 1 0)
(2.85 1 0)
(2.875 1 0)
(2.9 1 0)
(2.925 1 0)
(2.95 1 0)
(2.975 1 0)
(3 1 0)
(3.025 1 0)
(3.05 1 0)
(3.075 1 0)
(3.1 1 0)
(3.125 1 0)
(3.15 1 0)
(3.175 1 0)
(3.2 1 0)
(3.225 1 0)
(3.25 1 0)
(3.275 1 0)
(3.3 1 0)
(3.325 1 0)
(3.35 1 0)
(3.375 1 0)
(3.4 1 0)
(3.425 1 0)
(3.45 1 0)
(3.475 1 0)
(3.5 1 0)
(3.525 1 0)
(3.55 1 0)
(3.575 1 0)
(3.6 1 0)
(3.625 1 0)
(3.65 1 0)
(3.675 1 0)
(3.7 1 0)
(3.725 1 0)
(3.75 1 0)
(3.775 1 0)
(3.8 1 0)
(3.825 1 0)
(3.85 1 0)
(3.875 1 0)
(3.9 1 0)
(3.925 1 0)
(3.95 1 0)
(3.975 1 0)
(4 1 0)
(4.025 1 0)
(4.05 1 0)
(4.075 1 0)
(4.1 1 0)
(4.125 1 0)
(4.15 1 0)
(4.175 1 0)
(4.2 1 0)
(4.225 1 0)
(4.25 1 0)
(4.275 1 0)
(4.3 1 0)
(4.325 1 0)
(4.35 1 0)
(4.375 1 0)
(4.4 1 0)
(4.425 1 0)
(4.45 1 0)
(4.475 1 0)
(4.5 1 0)
(4.525 1 0)
(4.55 1 0)
(4.575 1 0)
(4.6 1 0)
(4.625 1 0)
(4.65 1 0)
(4.675 1 0)
(4.7 1 0)
(4.725 1 0)
(4.75 1 0)
(4.775 1 0)
(4.8 1 0)
(4.825 1 0)
(4.85 1 0)
(4.875 1 0)
(4.9 1 0)
(4.925 1 0)
(4.95 1 0)
(4.975 1 0)
(5 1 0)
(5.025 1 0)
(5.05 1 0)
(5.075 1 0)
(5.1 1 0)
(5.125 1 0)
(5.15 1 0)
(5.175 1 0)
(5.2 1 0)
(5.225 1 0)
(5.25 1 0)
(5.275 1 0)
(5.3 1 0)
(5.325 1 0)
(5.35 1 0)
(5.375 1 0)
(5.4 1 0)
(5.425 1 0)
(5.45 1 0)
(5.475 1 0)
(5.5 1 0)
(5.525 1 0)
(5.55 1 0)
(5.575 1 0)
(5.6 1 0)
(5.625 1 0)
(5.65 1 0)
(5.675 1 0)
(5.7 1 0)
(5.725 1 0)
(5.75 1 0)
(5.775 1 0)
(5.8 1 0)
(5.825 1 0)
(5.85 1 0)
(5.875 1 0)
(5.9 1 0)
(5.925 1 0)
(5.95 1 0)
(5.975 1 0)
(6 1 0)
(6.025 1 0)
(6.05 1 0)
(6.075 1 0)
(6.1 1 0)
(6.125 1 0)
(6.15 1 0)
(6.175 1 0)
(6.2 1 0)
(6.225 1 0)
(6.25 1 0)
(6.275 1 0)
(6.3 1 0)
(6.325 1 0)
(6.35 1 0)
(6.375 1 0)
(6.4 1 0)
(6.425 1 0)
(6.45 1 0)
(6.475 1 0)
(6.5 1 0)
(6.525 1 0)
(6.55 1 0)
(6.575 1 0)
(6.6 1 0)
(6.625 1 0)
(6.65 1 0)
(6.675 1 0)
(6.7 1 0)
(6.725 1 0)
(6.75 1 0)
(6.775 1 0)
(6.8 1 0)
(6.825 1 0)
(6.85 1 0)
(6.875 1 0)
(6.9 1 0)
(6.925 1 0)
(6.95 1 0)
(6.975 1 0)
(7 1 0)
(7.025 1 0)
(7.05 1 0)
(7.075 1 0)
(7.1 1 0)
(7.125 1 0)
(7.15 1 0)
(7.175 1 0)
(7.2 1 0)
(7.225 1 0)
(7.25 1 0)
(7.275 1 0)
(7.3 1 0)
(7.325 1 0)
(7.35 1 0)
(7.375 1 0)
(7.4 1 0)
(7.425 1 0)
(7.45 1 0)
(7.475 1 0)
(7.5 1 0)
(7.525 1 0)
(7.55 1 0)
(7.575 1 0)
(7.6 1 0)
(7.625 1 0)
(7.65 1 0)
(7.675 1 0)
(7.7 1 0)
(7.725 1 0)
(7.75 1 0)
(7.775 1 0)
(7.8 1 0)
(7.825 1 0)
(7.85 1 0)
(7.875 1 0)
(7.9 1 0)
(7.925 1 0)
(7.95 1 0)
(7.975 1 0)
(8 1 0)
(8.025 1 0)
(8.05 1 0)
(8.075 1 0)
(8.1 1 0)
(8.125 1 0)
(8.15 1 0)
(8.175 1 0)
(8.2 1 0)
(8.225 1 0)
(8.25 1 0)
(8.275 1 0)
(8.3 1 0)
(8.325 1 0)
(8.35 1 0)
(8.375 1 0)
(8.4 1 0)
(8.425 1 0)
(8.45 1 0)
(8.475 1 0)
(8.5 1 0)
(8.525 1 0)
(8.55 1 0)
(8.575 1 0)
(8.6 1 0)
(8.625 1 0)
(8.65 1 0)
(8.675 1 0)
(8.7 1 0)
(8.725 1 0)
(8.75 1 0)
(8.775 1 0)
(8.8 1 0)
(8.825 1 0)
(8.85 1 0)
(8.875 1 0)
(8.9 1 0)
(8.925 1 0)
(8.95 1 0)
(8.975 1 0)
(9 1 0)
(9.025 1 0)
(9.05 1 0)
(9.075 1 0)
(9.1 1 0)
(9.125 1 0)
(9.15 1 0)
(9.175 1 0)
(9.2 1 0)
(9.225 1 0)
(9.25 1 0)
(9.275 1 0)
(9.3 1 0)
(9.325 1 0)
(9.35 1 0)
(9.375 1 0)
(9.4 1 0)
(9.425 1 0)
(9.45 1 0)
(9.475 1 0)
(9.5 1 0)
(9.525 1 0)
(9.55 1 0)
(9.575 1 0)
(9.6 1 0)
(9.625 1 0)
(9.65 1 0)
(9.675 1 0)
(9.7 1 0)
(9.725 1 0)
(9.75 1 0)
(9.775 1 0)
(9.8 1 0)
(9.825 1 0)
(9.85 1 0)
(9.875 1 0)
(9.9 1 0)
(9.925 1 0)
(9.95 1 0)
(9.975 1 0)
(10 1 0)
(0 0 1)
(0.025 0 1)
(0.05 0 1)
(0.075 0 1)
(0.1 0 1)
(0.125 0 1)
(0.15 0 1)
(0.175 0 1)
(0.2 0 1)
(0.225 0 1)
(0.25 0 1)
(0.275 0 1)
(0.3 0 1)
(0.325 0 1)
(0.35 0 1)
(0.375 0 1)
(0.4 0 1)
(0.425 0 1)
(0.45 0 1)
(0.475 0 1)
(0.5 0 1)
(0.525 0 1)
(0.55 0 1)
(0.575 0 1)
(0.6 0 1)
(0.625 0 1)
(0.65 0 1)
(0.675 0 1)
(0.7 0 1)
(0.725 0 1)
(0.75 0 1)
(0.775 0 1)
(0.8 0 1)
(0.825 0 1)
(0.85 0 1)
(0.875 0 1)
(0.9 0 1)
(0.925 0 1)
(0.95 0 1)
(0.975 0 1)
(1 0 1)
(1.025 0 1)
(1.05 0 1)
(1.075 0 1)
(1.1 0 1)
(1.125 0 1)
(1.15 0 1)
(1.175 0 1)
(1.2 0 1)
(1.225 0 1)
(1.25 0 1)
(1.275 0 1)
(1.3 0 1)
(1.325 0 1)
(1.35 0 1)
(1.375 0 1)
(1.4 0 1)
(1.425 0 1)
(1.45 0 1)
(1.475 0 1)
(1.5 0 1)
(1.525 0 1)
(1.55 0 1)
(1.575 0 1)
(1.6 0 1)
(1.625 0 1)
(1.65 0 1)
(1.675 0 1)
(1.7 0 1)
(1.725 0 1)
(1.75 0 1)
(1.775 0 1)
(1.8 0 1)
(1.825 0 1)
(1.85 0 1)
(1.875 0 1)
(1.9 0 1)
(1.925 0 1)
(1.95 0 1)
(1.975 0 1)
(2 0 1)
(2.025 0 1)
(2.05 0 1)
(2.075 0 1)
(2.1 0 1)
(2.125 0 1)
(2.15 0 1)
(2.175 0 1)
(2.2 0 1)
(2.225 0 1)
(2.25 0 1)
(2.275 0 1)
(2.3 0 1)
(2.325 0 1)
(2.35 0 1)
(2.375 0 1)
(2.4 0 1)
(2.425 0 1)
(2.45 0 1)
(2.475 0 1)
(2.5 0 1)
(2.525 0 1)
(2.55 0 1)
(2.575 0 1)
(2.6 0 1)
(2.625 0 1)
(2.65 0 1)
(2.675 0 1)
(2.7 0 1)
(2.725 0 1)
(2.75 0 1)
(2.775 0 1)
(2.8 0 1)
(2.825 0 1)
(2.85 0 1)
(2.875 0 1)
(2.9 0 1)
(2.925 0 1)
(2.95 0 1)
(2.975 0 1)
(3 0 1)
(3.025 0 1)
(3.05 0 1)
(3.075 0 1)
(3.1 0 1)
(3.125 0 1)
(3.15 0 1)
(3.175 0 1)
(3.2 0 1)
(3.225 0 1)
(3.25 0 1)
(3.275 0 1)
(3.3 0 1)
(3.325 0 1)
(3.35 0 1)
(3.375 0 1)
(3.4 0 1)
(3.425 0 1)
(3.45 0 1)
(3.475 0 1)
(3.5 0 1)
(3.525 0 1)
(3.55 0 1)
(3.575 0 1)
(3.6 0 1)
(3.625 0 1)
(3.65 0 1)
(3.675 0 1)
(3.7 0 1)
(3.725 0 1)
(3.75 0 1)
(3.775 0 1)
(3.8 0 1)
(3.825 0 1)
(3.85 0 1)
(3.875 0 1)
(3.9 0 1)
(3.925 0 1)
(3.95 0 1)
(3.975 0 1)
(4 0 1)
(4.025 0 1)
(4.05 0 1)
(4.075 0 1)
(4.1 0 1)
(4.125 0 1)
(4.15 0 1)
(4.175 0 1)
(4.2 0 1)
(4.225 0 1)
(4.25 0 1)
(4.275 0 1)
(4.3 0 1)
(4.325 0 1)
(4.35 0 1)
(4.375 0 1)
(4.4 0 1)
(4.425 0 1)
(4.45 0 1)
(4.475 0 1)
(4.5 0 1)
(4.525 0 1)
(4.55 0 1)
(4.575 0 1)
(4.6 0 1)
(4.625 0 1)
(4.65 0 1)
(4.675 0 1)
(4.7 0 1)
(4.725 0 1)
(4.75 0 1)
(4.775 0 1)
(4.8 0 1)
(4.825 0 1)
(4.85 0 1)
(4.875 0 1)
(4.9 0 1)
(4.925 0 1)
(4.95 0 1)
(4.975 0 1)
(5 0 1)
(5.025 0 1)
(5.05 0 1)
(5.075 0 1)
(5.1 0 1)
(5.125 0 1)
(5.15 0 1)
(5.175 0 1)
(5.2 0 1)
(5.225 0 1)
(5.25 0 1)
(5.275 0 1)
(5.3 0 1)
(5.325 0 1)
(5.35 0 1)
(5.375 0 1)
(5.4 0 1)
(5.425 0 1)
(5.45 0 1)
(5.475 0 1)
(5.5 0 1)
(5.525 0 1)
(5.55 0 1)
(5.575 0 1)
(5.6 0 1)
(5.625 0 1)
(5.65 0 1)
(5.675 0 1)
(5.7 0 1)
(5.725 0 1)
(5.75 0 1)
(5.775 0 1)
(5.8 0 1)
(5.825 0 1)
(5.85 0 1)
(5.875 0 1)
(5.9 0 1)
(5.925 0 1)
(5.95 0 1)
(5.975 0 1)
(6 0 1)
(6.025 0 1)
(6.05 0 1)
(6.075 0 1)
(6.1 0 1)
(6.125 0 1)
(6.15 0 1)
(6.175 0 1)
(6.2 0 1)
(6.225 0 1)
(6.25 0 1)
(6.275 0 1)
(6.3 0 1)
(6.325 0 1)
(6.35 0 1)
(6.375 0 1)
(6.4 0 1)
(6.425 0 1)
(6.45 0 1)
(6.475 0 1)
(6.5 0 1)
(6.525 0 1)
(6.55 0 1)
(6.575 0 1)
(6.6 0 1)
(6.625 0 1)
(6.65 0 1)
(6.675 0 1)
(6.7 0 1)
(6.725 0 1)
(6.75 0 1)
(6.775 0 1)
(6.8 0 1)
(6.825 0 1)
(6.85 0 1)
(6.875 0 1)
(6.9 0 1)
(6.925 0 1)
(6.95 0 1)
(6.975 0 1)
(7 0 1)
(7.025 0 1)
(7.05 0 1)
(7.075 0 1)
(7.1 0 1)
(7.125 0 1)
(7.15 0 1)
(7.175 0 1)
(7.2 0 1)
(7.225 0 1)
(7.25 0 1)
(7.275 0 1)
(7.3 0 1)
(7.325 0 1)
(7.35 0 1)
(7.375 0 1)
(7.4 0 1)
(7.425 0 1)
(7.45 0 1)
(7.475 0 1)
(7.5 0 1)
(7.525 0 1)
(7.55 0 1)
(7.575 0 1)
(7.6 0 1)
(7.625 0 1)
(7.65 0 1)
(7.675 0 1)
(7.7 0 1)
(7.725 0 1)
(7.75 0 1)
(7.775 0 1)
(7.8 0 1)
(7.825 0 1)
(7.85 0 1)
(7.875 0 1)
(7.9 0 1)
(7.925 0 1)
(7.95 0 1)
(7.975 0 1)
(8 0 1)
(8.025 0 1)
(8.05 0 1)
(8.075 0 1)
(8.1 0 1)
(8.125 0 1)
(8.15 0 1)
(8.175 0 1)
(8.2 0 1)
(8.225 0 1)
(8.25 0 1)
(8.275 0 1)
(8.3 0 1)
(8.325 0 1)
(8.35 0 1)
(8.375 0 1)
(8.4 0 1)
(8.425 0 1)
(8.45 0 1)
(8.475 0 1)
(8.5 0 1)
(8.525 0 1)
(8.55 0 1)
(8.575 0 1)
(8.6 0 1)
(8.625 0 1)
(8.65 0 1)
(8.675 0 1)
(8.7 0 1)
(8.725 0 1)
(8.75 0 1)
(8.775 0 1)
(8.8 0 1)
(8.825 0 1)
(8.85 0 1)
(8.875 0 1)
(8.9 0 1)
(8.925 0 1)
(8.95 0 1)
(8.975 0 1)
(9 0 1)
(9.025 0 1)
(9.05 0 1)
(9.075 0 1)
(9.1 0 1)
(9.125 0 1)
(9.15 0 1)
(9.175 0 1)
(9.2 0 1)
(9.225 0 1)
(9.25 0 1)
(9.275 0 1)
(9.3 0 1)
(9.325 0 1)
(9.35 0 1)
(9.375 0 1)
(9.4 0 1)
(9.425 0 1)
(9.45 0 1)
(9.475 0 1)
(9.5 0 1)
(9.525 0 1)
(9.55 0 1)
(9.575 0 1)
(9.6 0 1)
(9.625 0 1)
(9.65 0 1)
(9.675 0 1)
(9.7 0 1)
(9.725 0 1)
(9.75 0 1)
(9.775 0 1)
(9.8 0 1)
(9.825 0 1)
(9.85 0 1)
(9.875 0 1)
(9.9 0 1)
(9.925 0 1)
(9.95 0 1)
(9.975 0 1)
(10 0 1)
(0 1 1)
(0.025 1 1)
(0.05 1 1)
(0.075 1 1)
(0.1 1 1)
(0.125 1 1)
(0.15 1 1)
(0.175 1 1)
(0.2 1 1)
(0.225 1 1)
(0.25 1 1)
(0.275 1 1)
(0.3 1 1)
(0.325 1 1)
(0.35 1 1)
(0.375 1 1)
(0.4 1 1)
(0.425 1 1)
(0.45 1 1)
(0.475 1 1)
(0.5 1 1)
(0.525 1 1)
(0.55 1 1)
(0.575 1 1)
(0.6 1 1)
(0.625 1 1)
(0.65 1 1)
(0.675 1 1)
(0.7 1 1)
(0.725 1 1)
(0.75 1 1)
(0.775 1 1)
(0.8 1 1)
(0.825 1 1)
(0.85 1 1)
(0.875 1 1)
(0.9 1 1)
(0.925 1 1)
(0.95 1 1)
(0.975 1 1)
(1 1 1)
(1.025 1 1)
(1.05 1 1)
(1.075 1 1)
(1.1 1 1)
(1.125 1 1)
(1.15 1 1)
(1.175 1 1)
(1.2 1 1)
(1.225 1 1)
(1.25 1 1)
(1.275 1 1)
(1.3 1 1)
(1.325 1 1)
(1.35 1 1)
(1.375 1 1)
(1.4 1 1)
(1.425 1 1)
(1.45 1 1)
(1.475 1 1)
(1.5 1 1)
(1.525 1 1)
(1.55 1 1)
(1.575 1 1)
(1.6 1 1)
(1.625 1 1)
(1.65 1 1)
(1.675 1 1)
(1.7 1 1)
(1.725 1 1)
(1.75 1 1)
(1.775 1 1)
(1.8 1 1)
(1.825 1 1)
(1.85 1 1)
(1.875 1 1)
(1.9 1 1)
(1.925 1 1)
(1.95 1 1)
(1.975 1 1)
(2 1 1)
(2.025 1 1)
(2.05 1 1)
(2.075 1 1)
(2.1 1 1)
(2.125 1 1)
(2.15 1 1)
(2.175 1 1)
(2.2 1 1)
(2.225 1 1)
(2.25 1 1)
(2.275 1 1)
(2.3 1 1)
(2.325 1 1)
(2.35 1 1)
(2.375 1 1)
(2.4 1 1)
(2.425 1 1)
(2.45 1 1)
(2.475 1 1)
(2.5 1 1)
(2.525 1 1)
(2.55 1 1)
(2.575 1 1)
(2.6 1 1)
(2.625 1 1)
(2.65 1 1)
(2.675 1 1)
(2.7 1 1)
(2.725 1 1)
(2.75 1 1)
(2.775 1 1)
(2.8 1 1)
(2.825 1 1)
(2.85 1 1)
(2.875 1 1)
(2.9 1 1)
(2.925 1 1)
(2.95 1 1)
(2.975 1 1)
(3 1 1)
(3.025 1 1)
(3.05 1 1)
(3.075 1 1)
(3.1 1 1)
(3.125 1 1)
(3.15 1 1)
(3.175 1 1)
(3.2 1 1)
(3.225 1 1)
(3.25 1 1)
(3.275 1 1)
(3.3 1 1)
(3.325 1 1)
(3.35 1 1)
(3.375 1 1)
(3.4 1 1)
(3.425 1 1)
(3.45 1 1)
(3.475 1 1)
(3.5 1 1)
(3.525 1 1)
(3.55 1 1)
(3.575 1 1)
(3.6 1 1)
(3.625 1 1)
(3.65 1 1)
(3.675 1 1)
(3.7 1 1)
(3.725 1 1)
(3.75 1 1)
(3.775 1 1)
(3.8 1 1)
(3.825 1 1)
(3.85 1 1)
(3.875 1 1)
(3.9 1 1)
(3.925 1 1)
(3.95 1 1)
(3.975 1 1)
(4 1 1)
(4.025 1 1)
(4.05 1 1)
(4.075 1 1)
(4.1 1 1)
(4.125 1 1)
(4.15 1 1)
(4.175 1 1)
(4.2 1 1)
(4.225 1 1)
(4.25 1 1)
(4.275 1 1)
(4.3 1 1)
(4.325 1 1)
(4.35 1 1)
(4.375 1 1)
(4.4 1 1)
(4.425 1 1)
(4.45 1 1)
(4.475 1 1)
(4.5 1 1)
(4.525 1 1)
(4.55 1 1)
(4.575 1 1)
(4.6 1 1)
(4.625 1 1)
(4.65 1 1)
(4.675 1 1)
(4.7 1 1)
(4.725 1 1)
(4.75 1 1)
(4.775 1 1)
(4.8 1 1)
(4.825 1 1)
(4.85 1 1)
(4.875 1 1)
(4.9 1 1)
(4.925 1 1)
(4.95 1 1)
(4.975 1 1)
(5 1 1)
(5.025 1 1)
(5.05 1 1)
(5.075 1 1)
(5.1 1 1)
(5.125 1 1)
(5.15 1 1)
(5.175 1 1)
(5.2 1 1)
(5.225 1 1)
(5.25 1 1)
(5.275 1 1)
(5.3 1 1)
(5.325 1 1)
(5.35 1 1)
(5.375 1 1)
(5.4 1 1)
(5.425 1 1)
(5.45 1 1)
(5.475 1 1)
(5.5 1 1)
(5.525 1 1)
(5.55 1 1)
(5.575 1 1)
(5.6 1 1)
(5.625 1 1)
(5.65 1 1)
(5.675 1 1)
(5.7 1 1)
(5.725 1 1)
(5.75 1 1)
(5.775 1 1)
(5.8 1 1)
(5.825 1 1)
(5.85 1 1)
(5.875 1 1)
(5.9 1 1)
(5.925 1 1)
(5.95 1 1)
(5.975 1 1)
(6 1 1)
(6.025 1 1)
(6.05 1 1)
(6.075 1 1)
(6.1 1 1)
(6.125 1 1)
(6.15 1 1)
(6.175 1 1)
(6.2 1 1)
(6.225 1 1)
(6.25 1 1)
(6.275 1 1)
(6.3 1 1)
(6.325 1 1)
(6.35 1 1)
(6.375 1 1)
(6.4 1 1)
(6.425 1 1)
(6.45 1 1)
(6.475 1 1)
(6.5 1 1)
(6.525 1 1)
(6.55 1 1)
(6.575 1 1)
(6.6 1 1)
(6.625 1 1)
(6.65 1 1)
(6.675 1 1)
(6.7 1 1)
(6.725 1 1)
(6.75 1 1)
(6.775 1 1)
(6.8 1 1)
(6.825 1 1)
(6.85 1 1)
(6.875 1 1)
(6.9 1 1)
(6.925 1 1)
(6.95 1 1)
(6.975 1 1)
(7 1 1)
(7.025 1 1)
(7.05 1 1)
(7.075 1 1)
(7.1 1 1)
(7.125 1 1)
(7.15 1 1)
(7.175 1 1)
(7.2 1 1)
(7.225 1 1)
(7.25 1 1)
(7.275 1 1)
(7.3 1 1)
(7.325 1 1)
(7.35 1 1)
(7.375 1 1)
(7.4 1 1)
(7.425 1 1)
(7.45 1 1)
(7.475 1 1)
(7.5 1 1)
(7.525 1 1)
(7.55 1 1)
(7.575 1 1)
(7.6 1 1)
(7.625 1 1)
(7.65 1 1)
(7.675 1 1)
(7.7 1 1)
(7.725 1 1)
(7.75 1 1)
(7.775 1 1)
(7.8 1 1)
(7.825 1 1)
(7.85 1 1)
(7.875 1 1)
(7.9 1 1)
(7.925 1 1)
(7.95 1 1)
(7.975 1 1)
(8 1 1)
(8.025 1 1)
(8.05 1 1)
(8.075 1 1)
(8.1 1 1)
(8.125 1 1)
(8.15 1 1)
(8.175 1 1)
(8.2 1 1)
(8.225 1 1)
(8.25 1 1)
(8.275 1 1)
(8.3 1 1)
(8.325 1 1)
(8.35 1 1)
(8.375 1 1)
(8.4 1 1)
(8.425 1 1)
(8.45 1 1)
(8.475 1 1)
(8.5 1 1)
(8.525 1 1)
(8.55 1 1)
(8.575 1 1)
(8.6 1 1)
(8.625 1 1)
(8.65 1 1)
(8.675 1 1)
(8.7 1 1)
(8.725 1 1)
(8.75 1 1)
(8.775 1 1)
(8.8 1 1)
(8.825 1 1)
(8.85 1 1)
(8.875 1 1)
(8.9 1 1)
(8.925 1 1)
(8.95 1 1)
(8.975 1 1)
(9 1 1)
(9.025 1 1)
(9.05 1 1)
(9.075 1 1)
(9.1 1 1)
(9.125 1 1)
(9.15 1 1)
(9.175 1 1)
(9.2 1 1)
(9.225 1 1)
(9.25 1 1)
(9.275 1 1)
(9.3 1 1)
(9.325 1 1)
(9.35 1 1)
(9.375 1 1)
(9.4 1 1)
(9.425 1 1)
(9.45 1 1)
(9.475 1 1)
(9.5 1 1)
(9.525 1 1)
(9.55 1 1)
(9.575 1 1)
(9.6 1 1)
(9.625 1 1)
(9.65 1 1)
(9.675 1 1)
(9.7 1 1)
(9.725 1 1)
(9.75 1 1)
(9.775 1 1)
(9.8 1 1)
(9.825 1 1)
(9.85 1 1)
(9.875 1 1)
(9.9 1 1)
(9.925 1 1)
(9.95 1 1)
(9.975 1 1)
(10 1 1)
)


// ************************************************************************* //
